0.000000 0.000000 0.000000
0.002000 0.000000 0.000000
0.004000 0.000000 0.000000
0.006000 0.000000 0.000000
0.008000 0.000000 0.000000
0.010000 0.000000 0.000000
0.012000 0.000000 0.000000
0.014000 0.000000 0.000000
0.016000 0.000000 0.000000
0.018000 0.000000 0.000000
0.020000 0.000000 0.000000
0.022000 0.000000 0.000000
0.024000 0.000000 0.000000
0.026000 0.000000 0.000000
0.028000 0.000000 0.000000
0.030000 0.000000 0.000000
0.032000 0.000000 0.000000
0.034000 0.000000 0.000000
0.036000 0.000000 0.000000
0.038000 0.000000 0.000000
0.040000 0.000000 0.000000
0.042000 0.000000 0.000000
0.044000 0.000000 0.000000
0.046000 0.000000 0.000000
0.048000 0.000000 0.000000
0.050000 0.000000 0.000000
0.052000 0.000000 0.000000
0.054000 0.000000 0.000000
0.056000 0.000000 0.000000
0.058000 0.000000 0.000000
0.060000 0.000000 0.000000
0.062000 0.000000 0.000000
0.064000 0.000000 0.000000
0.066000 0.000000 0.000000
0.068000 0.000000 0.000000
0.070000 0.000000 0.000000
0.072000 0.000000 0.000000
0.074000 0.000000 0.000000
0.076000 0.000000 0.000000
0.078000 0.000000 0.000000
0.080000 0.000000 0.000000
0.082000 0.000000 0.000000
0.084000 0.000000 0.000000
0.086000 0.000000 0.000000
0.088000 0.000000 0.000000
0.090000 0.000000 0.000000
0.092000 0.000000 0.000000
0.094000 0.000000 0.000000
0.096000 0.000000 0.000000
0.098000 0.000000 0.000000
0.100000 0.000000 0.000000
0.102000 0.000000 0.000000
0.104000 0.000000 0.000000
0.106000 0.000000 0.000000
0.108000 0.000000 0.000000
0.110000 0.000000 0.000000
0.112000 0.000000 0.000000
0.114000 0.000000 0.000000
0.116000 0.000000 0.000000
0.118000 0.000000 0.000000
0.120000 0.000000 0.000000
0.122000 0.000000 0.000000
0.124000 0.000000 0.000000
0.126000 0.000000 0.000000
0.128000 0.000000 0.000000
0.130000 0.000000 0.000000
0.132000 0.000000 0.000000
0.134000 0.000000 0.000000
0.136000 0.000000 0.000000
0.138000 0.000000 0.000000
0.140000 0.000000 0.000000
0.142000 0.000000 0.000000
0.144000 0.000000 0.000000
0.146000 0.000000 0.000000
0.148000 0.000000 0.000000
0.150000 0.000000 0.000000
0.152000 0.000000 0.000000
0.154000 0.000000 0.000000
0.156000 0.000000 0.000000
0.158000 0.000000 0.000000
0.160000 0.000000 0.000000
0.162000 0.000000 0.000000
0.164000 0.000000 0.000000
0.166000 0.000000 0.000000
0.168000 0.000000 0.000000
0.170000 0.000000 0.000000
0.172000 0.000000 0.000000
0.174000 0.000000 0.000000
0.176000 0.000000 0.000000
0.178000 0.000000 0.000000
0.180000 0.000000 0.000000
0.182000 0.000000 0.000000
0.184000 0.000000 0.000000
0.186000 0.000000 0.000000
0.188000 0.000000 0.000000
0.190000 0.000000 0.000000
0.192000 0.000000 0.000000
0.194000 0.000000 0.000000
0.196000 0.000000 0.000000
0.198000 0.000000 0.000000
0.200000 0.000000 0.000000
0.202000 0.000000 0.000000
0.204000 0.000000 0.000000
0.206000 0.000000 0.000000
0.208000 0.000000 0.000000
0.210000 0.000000 0.000000
0.212000 0.000000 0.000000
0.214000 0.000000 0.000000
0.216000 0.000000 0.000000
0.218000 0.000000 0.000000
0.220000 0.000000 0.000000
0.222000 0.000000 0.000000
0.224000 0.000000 0.000000
0.226000 0.000000 0.000000
0.228000 0.000000 0.000000
0.230000 0.000000 0.000000
0.232000 0.000000 0.000000
0.234000 0.000000 0.000000
0.236000 0.000000 0.000000
0.238000 0.000000 0.000000
0.240000 0.000000 0.000000
0.242000 0.000000 0.000000
0.244000 0.000000 0.000000
0.246000 0.000000 0.000000
0.248000 0.000000 0.000000
0.250000 0.000000 0.000000
0.252000 0.000000 0.000000
0.254000 0.000000 0.000000
0.256000 0.000000 0.000000
0.258000 0.000000 0.000000
0.260000 0.000000 0.000000
0.262000 0.000000 0.000000
0.264000 0.000000 0.000000
0.266000 0.000000 0.000000
0.268000 0.000000 0.000000
0.270000 0.000000 0.000000
0.272000 0.000000 0.000000
0.274000 0.000000 0.000000
0.276000 0.000000 0.000000
0.278000 0.000000 0.000000
0.280000 0.000000 0.000000
0.282000 0.000000 0.000000
0.284000 0.000000 0.000000
0.286000 0.000000 0.000000
0.288000 0.000000 0.000000
0.290000 0.000000 0.000000
0.292000 0.000000 0.000000
0.294000 0.000000 0.000000
0.296000 0.000000 0.000000
0.298000 0.000000 0.000000
0.300000 0.000000 0.000000
0.302000 0.000000 0.000000
0.304000 0.000000 0.000000
0.306000 0.000000 0.000000
0.308000 0.000000 0.000000
0.310000 0.000000 0.000000
0.312000 0.000000 0.000000
0.314000 0.000000 0.000000
0.316000 0.000000 0.000000
0.318000 0.000000 0.000000
0.320000 0.000000 0.000000
0.322000 0.000000 0.000000
0.324000 0.000000 0.000000
0.326000 0.000000 0.000000
0.328000 0.000000 0.000000
0.330000 0.000000 0.000000
0.332000 0.000000 0.000000
0.334000 0.000000 0.000000
0.336000 0.000000 0.000000
0.338000 0.000000 0.000000
0.340000 0.000000 0.000000
0.342000 0.000000 0.000000
0.344000 0.000000 0.000000
0.346000 0.000000 0.000000
0.348000 0.000000 0.000000
0.350000 0.000000 0.000000
0.352000 0.000000 0.000000
0.354000 0.000000 0.000000
0.356000 0.000000 0.000000
0.358000 0.000000 0.000000
0.360000 0.000000 0.000000
0.362000 0.000000 0.000000
0.364000 0.000000 0.000000
0.366000 0.000000 0.000000
0.368000 0.000000 0.000000
0.370000 0.000000 0.000000
0.372000 0.000000 0.000000
0.374000 0.000000 0.000000
0.376000 0.000000 0.000000
0.378000 0.000000 0.000000
0.380000 0.000000 0.000000
0.382000 0.000000 0.000000
0.384000 0.000000 0.000000
0.386000 0.000000 0.000000
0.388000 0.000000 0.000000
0.390000 0.000000 0.000000
0.392000 0.000000 0.000000
0.394000 0.000000 0.000000
0.396000 0.000000 0.000000
0.398000 0.000000 0.000000
0.400000 0.000000 0.000000
0.402000 0.000000 0.000000
0.404000 0.000000 0.000000
0.406000 0.000000 0.000000
0.408000 0.000000 0.000000
0.410000 0.000000 0.000000
0.412000 0.000000 0.000000
0.414000 0.000000 0.000000
0.416000 0.000000 0.000000
0.418000 0.000000 0.000000
0.420000 0.000000 0.000000
0.422000 0.000000 0.000000
0.424000 0.000000 0.000000
0.426000 0.000000 0.000000
0.428000 0.000000 0.000000
0.430000 0.000000 0.000000
0.432000 0.000000 0.000000
0.434000 0.000000 0.000000
0.436000 0.000000 0.000000
0.438000 0.000000 0.000000
0.440000 0.000000 0.000000
0.442000 0.000000 0.000000
0.444000 0.000000 0.000000
0.446000 0.000000 0.000000
0.448000 0.000000 0.000000
0.450000 0.000000 0.000000
0.452000 0.000000 0.000000
0.454000 0.000000 0.000000
0.456000 0.000000 0.000000
0.458000 0.000000 0.000000
0.460000 0.000000 0.000000
0.462000 0.000000 0.000000
0.464000 0.000000 0.000000
0.466000 0.000000 0.000000
0.468000 0.000000 0.000000
0.470000 0.000000 0.000000
0.472000 0.000000 0.000000
0.474000 0.000000 0.000000
0.476000 0.000000 0.000000
0.478000 0.000000 0.000000
0.480000 0.000000 0.000000
0.482000 0.000000 0.000000
0.484000 0.000000 0.000000
0.486000 0.000000 0.000000
0.488000 0.000000 0.000000
0.490000 0.000000 0.000000
0.492000 0.000000 0.000000
0.494000 0.000000 0.000000
0.496000 0.000000 0.000000
0.498000 0.000000 0.000000
0.500000 0.000000 0.000000
0.502000 0.000000 0.000000
0.504000 0.000000 0.000000
0.506000 0.000000 0.000000
0.508000 0.000000 0.000000
0.510000 0.000000 0.000000
0.512000 0.000000 0.000000
0.514000 0.000000 0.000000
0.516000 0.000000 0.000000
0.518000 0.000000 0.000000
0.520000 0.000000 0.000000
0.522000 0.000000 0.000000
0.524000 0.000000 0.000000
0.526000 0.000000 0.000000
0.528000 0.000000 0.000000
0.530000 0.000000 0.000000
0.532000 0.000000 0.000000
0.534000 0.000000 0.000000
0.536000 0.000000 0.000000
0.538000 0.000000 0.000000
0.540000 0.000000 0.000000
0.542000 0.000000 0.000000
0.544000 0.000000 0.000000
0.546000 0.000000 0.000000
0.548000 0.000000 0.000000
0.550000 0.000000 0.000000
0.552000 0.000000 0.000000
0.554000 0.000000 0.000000
0.556000 0.000000 0.000000
0.558000 0.000000 0.000000
0.560000 0.000000 0.000000
0.562000 0.000000 0.000000
0.564000 0.000000 0.000000
0.566000 0.000000 0.000000
0.568000 0.000000 0.000000
0.570000 0.000000 0.000000
0.572000 0.000000 0.000000
0.574000 0.000000 0.000000
0.576000 0.000000 0.000000
0.578000 0.000000 0.000000
0.580000 0.000000 0.000000
0.582000 0.000000 0.000000
0.584000 0.000000 0.000000
0.586000 0.000000 0.000000
0.588000 0.000000 0.000000
0.590000 0.000000 0.000000
0.592000 0.000000 0.000000
0.594000 0.000000 0.000000
0.596000 0.000000 0.000000
0.598000 0.000000 0.000000
0.600000 0.000000 0.000000
0.602000 0.000000 0.000000
0.604000 0.000000 0.000000
0.606000 0.000000 0.000000
0.608000 0.000000 0.000000
0.610000 0.000000 0.000000
0.612000 0.000000 0.000000
0.614000 0.000000 0.000000
0.616000 0.000000 0.000000
0.618000 0.000000 0.000000
0.620000 0.000000 0.000000
0.622000 0.000000 0.000000
0.624000 0.000000 0.000000
0.626000 0.000000 0.000000
0.628000 0.000000 0.000000
0.630000 0.000000 0.000000
0.632000 0.000000 0.000000
0.634000 0.000000 0.000000
0.636000 0.000000 0.000000
0.638000 0.000000 0.000000
0.640000 0.000000 0.000000
0.642000 0.000000 0.000000
0.644000 0.000000 0.000000
0.646000 0.000000 0.000000
0.648000 0.000000 0.000000
0.650000 0.000000 0.000000
0.652000 0.000000 0.000000
0.654000 0.000000 0.000000
0.656000 0.000000 0.000000
0.658000 0.000000 0.000000
0.660000 0.000000 0.000000
0.662000 0.000000 0.000000
0.664000 0.000000 0.000000
0.666000 0.000000 0.000000
0.668000 0.000000 0.000000
0.670000 0.000000 0.000000
0.672000 0.000000 0.000000
0.674000 0.000000 0.000000
0.676000 0.000000 0.000000
0.678000 0.000000 0.000000
0.680000 0.000000 0.000000
0.682000 0.000000 0.000000
0.684000 0.000000 0.000000
0.686000 0.000000 0.000000
0.688000 0.000000 0.000000
0.690000 0.000000 0.000000
0.692000 0.000000 0.000000
0.694000 0.000000 0.000000
0.696000 0.000000 0.000000
0.698000 0.000000 0.000000
0.700000 0.000000 0.000000
0.702000 0.000000 0.000000
0.704000 0.000000 0.000000
0.706000 0.000000 0.000000
0.708000 0.000000 0.000000
0.710000 0.000000 0.000000
0.712000 0.000000 0.000000
0.714000 0.000000 0.000000
0.716000 0.000000 0.000000
0.718000 0.000000 0.000000
0.720000 0.000000 0.000000
0.722000 0.000000 0.000000
0.724000 0.000000 0.000000
0.726000 0.000000 0.000000
0.728000 0.000000 0.000000
0.730000 0.000000 0.000000
0.732000 0.000000 0.000000
0.734000 0.000000 0.000000
0.736000 0.000000 0.000000
0.738000 0.000000 0.000000
0.740000 0.000000 0.000000
0.742000 0.000000 0.000000
0.744000 0.000000 0.000000
0.746000 0.000000 0.000000
0.748000 0.000000 0.000000
0.750000 0.000000 0.000000
0.752000 0.000000 0.000000
0.754000 0.000000 0.000000
0.756000 0.000000 0.000000
0.758000 0.000000 0.000000
0.760000 0.000000 0.000000
0.762000 0.000000 0.000000
0.764000 0.000000 0.000000
0.766000 0.000000 0.000000
0.768000 0.000000 0.000000
0.770000 0.000000 0.000000
0.772000 0.000000 0.000000
0.774000 0.000000 0.000000
0.776000 0.000000 0.000000
0.778000 0.000000 0.000000
0.780000 0.000000 0.000000
0.782000 0.000000 0.000000
0.784000 0.000000 0.000000
0.786000 0.000000 0.000000
0.788000 0.000000 0.000000
0.790000 0.000000 0.000000
0.792000 0.000000 0.000000
0.794000 0.000000 0.000000
0.796000 0.000000 0.000000
0.798000 0.000000 0.000000
0.800000 0.000000 0.000000
0.802000 0.000000 0.000000
0.804000 0.000000 0.000000
0.806000 0.000000 0.000000
0.808000 0.000000 0.000000
0.810000 0.000000 0.000000
0.812000 0.000000 0.000000
0.814000 0.000000 0.000000
0.816000 0.000000 0.000000
0.818000 0.000000 0.000000
0.820000 0.000000 0.000000
0.822000 0.000000 0.000000
0.824000 0.000000 0.000000
0.826000 0.000000 0.000000
0.828000 0.000000 0.000000
0.830000 0.000000 0.000000
0.832000 0.000000 0.000000
0.834000 0.000000 0.000000
0.836000 0.000000 0.000000
0.838000 0.000000 0.000000
0.840000 0.000000 0.000000
0.842000 0.000000 0.000000
0.844000 0.000000 0.000000
0.846000 0.000000 0.000000
0.848000 0.000000 0.000000
0.850000 0.000000 0.000000
0.852000 0.000000 0.000000
0.854000 0.000000 0.000000
0.856000 0.000000 0.000000
0.858000 0.000000 0.000000
0.860000 0.000000 0.000000
0.862000 0.000000 0.000000
0.864000 0.000000 0.000000
0.866000 0.000000 0.000000
0.868000 0.000000 0.000000
0.870000 0.000000 0.000000
0.872000 0.000000 0.000000
0.874000 0.000000 0.000000
0.876000 0.000000 0.000000
0.878000 0.000000 0.000000
0.880000 0.000000 0.000000
0.882000 0.000000 0.000000
0.884000 0.000000 0.000000
0.886000 0.000000 0.000000
0.888000 0.000000 0.000000
0.890000 0.000000 0.000000
0.892000 0.000000 0.000000
0.894000 0.000000 0.000000
0.896000 0.000000 0.000000
0.898000 0.000000 0.000000
0.900000 0.000000 0.000000
0.902000 0.000000 0.000000
0.904000 0.000000 0.000000
0.906000 0.000000 0.000000
0.908000 0.000000 0.000000
0.910000 0.000000 0.000000
0.912000 0.000000 0.000000
0.914000 0.000000 0.000000
0.916000 0.000000 0.000000
0.918000 0.000000 0.000000
0.920000 0.000000 0.000000
0.922000 0.000000 0.000000
0.924000 0.000000 0.000000
0.926000 0.000000 0.000000
0.928000 0.000000 0.000000
0.930000 0.000000 0.000000
0.932000 0.000000 0.000000
0.934000 0.000000 0.000000
0.936000 0.000000 0.000000
0.938000 0.000000 0.000000
0.940000 0.000000 0.000000
0.942000 0.000000 0.000000
0.944000 0.000000 0.000000
0.946000 0.000000 0.000000
0.948000 0.000000 0.000000
0.950000 0.000000 0.000000
0.952000 0.000000 0.000000
0.954000 0.000000 0.000000
0.956000 0.000000 0.000000
0.958000 0.000000 0.000000
0.960000 0.000000 0.000000
0.962000 0.000000 0.000000
0.964000 0.000000 0.000000
0.966000 0.000000 0.000000
0.968000 0.000000 0.000000
0.970000 0.000000 0.000000
0.972000 0.000000 0.000000
0.974000 0.000000 0.000000
0.976000 0.000000 0.000000
0.978000 0.000000 0.000000
0.980000 0.000000 0.000000
0.982000 0.000000 0.000000
0.984000 0.000000 0.000000
0.986000 0.000000 0.000000
0.988000 0.000000 0.000000
0.990000 0.000000 0.000000
0.992000 0.000000 0.000000
0.994000 0.000000 0.000000
0.996000 0.000000 0.000000
0.998000 0.000000 0.000000
1.000000 5000.000000 0.000000
1.002000 5000.000000 3.000000
1.004000 5000.000000 14.000000
1.006000 5000.000000 24.000000
1.008000 5000.000000 36.000000
1.010000 5000.000000 45.000000
1.012000 5000.000000 55.000000
1.014000 5000.000000 64.000000
1.016000 5000.000000 73.000000
1.018000 5000.000000 80.000000
1.020000 5000.000000 87.000000
1.022000 5000.000000 89.000000
1.024000 5000.000000 88.000000
1.026000 5000.000000 87.000000
1.028000 5000.000000 81.000000
1.030000 5000.000000 76.000000
1.032000 5000.000000 71.000000
1.034000 5000.000000 73.000000
1.036000 5000.000000 79.000000
1.038000 5000.000000 86.000000
1.040000 5000.000000 94.000000
1.042000 5000.000000 101.000000
1.044000 5000.000000 108.000000
1.046000 5000.000000 113.000000
1.048000 5000.000000 118.000000
1.050000 5000.000000 123.000000
1.052000 5000.000000 129.000000
1.054000 5000.000000 131.000000
1.056000 5000.000000 130.000000
1.058000 5000.000000 132.000000
1.060000 5000.000000 133.000000
1.062000 5000.000000 136.000000
1.064000 5000.000000 138.000000
1.066000 5000.000000 140.000000
1.068000 5000.000000 144.000000
1.070000 5000.000000 144.000000
1.072000 5000.000000 146.000000
1.074000 5000.000000 149.000000
1.076000 5000.000000 151.000000
1.078000 5000.000000 155.000000
1.080000 5000.000000 157.000000
1.082000 5000.000000 161.000000
1.084000 5000.000000 162.000000
1.086000 5000.000000 165.000000
1.088000 5000.000000 168.000000
1.090000 5000.000000 170.000000
1.092000 5000.000000 172.000000
1.094000 5000.000000 175.000000
1.096000 5000.000000 175.000000
1.098000 5000.000000 179.000000
1.100000 5000.000000 180.000000
1.102000 5000.000000 182.000000
1.104000 5000.000000 183.000000
1.106000 5000.000000 185.000000
1.108000 5000.000000 187.000000
1.110000 5000.000000 190.000000
1.112000 5000.000000 193.000000
1.114000 5000.000000 193.000000
1.116000 5000.000000 195.000000
1.118000 5000.000000 194.000000
1.120000 5000.000000 196.000000
1.122000 5000.000000 198.000000
1.124000 5000.000000 199.000000
1.126000 5000.000000 202.000000
1.128000 5000.000000 202.000000
1.130000 5000.000000 203.000000
1.132000 5000.000000 204.000000
1.134000 5000.000000 204.000000
1.136000 5000.000000 203.000000
1.138000 5000.000000 201.000000
1.140000 5000.000000 203.000000
1.142000 5000.000000 205.000000
1.144000 5000.000000 208.000000
1.146000 5000.000000 209.000000
1.148000 5000.000000 209.000000
1.150000 5000.000000 212.000000
1.152000 5000.000000 215.000000
1.154000 5000.000000 216.000000
1.156000 5000.000000 218.000000
1.158000 5000.000000 219.000000
1.160000 5000.000000 221.000000
1.162000 5000.000000 223.000000
1.164000 5000.000000 224.000000
1.166000 5000.000000 225.000000
1.168000 5000.000000 225.000000
1.170000 5000.000000 227.000000
1.172000 5000.000000 228.000000
1.174000 5000.000000 227.000000
1.176000 5000.000000 227.000000
1.178000 5000.000000 228.000000
1.180000 5000.000000 228.000000
1.182000 5000.000000 227.000000
1.184000 5000.000000 225.000000
1.186000 5000.000000 223.000000
1.188000 5000.000000 225.000000
1.190000 5000.000000 227.000000
1.192000 5000.000000 227.000000
1.194000 5000.000000 227.000000
1.196000 5000.000000 229.000000
1.198000 5000.000000 231.000000
1.200000 5000.000000 232.000000
1.202000 5000.000000 232.000000
1.204000 5000.000000 233.000000
1.206000 5000.000000 234.000000
1.208000 5000.000000 236.000000
1.210000 5000.000000 236.000000
1.212000 5000.000000 237.000000
1.214000 5000.000000 238.000000
1.216000 5000.000000 239.000000
1.218000 5000.000000 240.000000
1.220000 5000.000000 240.000000
1.222000 5000.000000 242.000000
1.224000 5000.000000 242.000000
1.226000 5000.000000 244.000000
1.228000 5000.000000 243.000000
1.230000 5000.000000 242.000000
1.232000 5000.000000 243.000000
1.234000 5000.000000 242.000000
1.236000 5000.000000 241.000000
1.238000 5000.000000 242.000000
1.240000 5000.000000 242.000000
1.242000 5000.000000 243.000000
1.244000 5000.000000 243.000000
1.246000 5000.000000 243.000000
1.248000 5000.000000 244.000000
1.250000 5000.000000 246.000000
1.252000 5000.000000 246.000000
1.254000 5000.000000 245.000000
1.256000 5000.000000 248.000000
1.258000 5000.000000 248.000000
1.260000 5000.000000 247.000000
1.262000 5000.000000 247.000000
1.264000 5000.000000 248.000000
1.266000 5000.000000 247.000000
1.268000 5000.000000 245.000000
1.270000 5000.000000 243.000000
1.272000 5000.000000 243.000000
1.274000 5000.000000 245.000000
1.276000 5000.000000 244.000000
1.278000 5000.000000 245.000000
1.280000 5000.000000 245.000000
1.282000 5000.000000 246.000000
1.284000 5000.000000 247.000000
1.286000 5000.000000 248.000000
1.288000 5000.000000 247.000000
1.290000 5000.000000 249.000000
1.292000 5000.000000 250.000000
1.294000 5000.000000 250.000000
1.296000 5000.000000 249.000000
1.298000 5000.000000 251.000000
1.300000 5000.000000 252.000000
1.302000 5000.000000 252.000000
1.304000 5000.000000 251.000000
1.306000 5000.000000 252.000000
1.308000 5000.000000 253.000000
1.310000 5000.000000 254.000000
1.312000 5000.000000 253.000000
1.314000 5000.000000 255.000000
1.316000 5000.000000 255.000000
1.318000 5000.000000 256.000000
1.320000 5000.000000 255.000000
1.322000 5000.000000 255.000000
1.324000 5000.000000 257.000000
1.326000 5000.000000 256.000000
1.328000 5000.000000 256.000000
1.330000 5000.000000 256.000000
1.332000 5000.000000 256.000000
1.334000 5000.000000 256.000000
1.336000 5000.000000 255.000000
1.338000 5000.000000 256.000000
1.340000 5000.000000 256.000000
1.342000 5000.000000 256.000000
1.344000 5000.000000 255.000000
1.346000 5000.000000 255.000000
1.348000 5000.000000 257.000000
1.350000 5000.000000 256.000000
1.352000 5000.000000 255.000000
1.354000 5000.000000 255.000000
1.356000 5000.000000 257.000000
1.358000 5000.000000 256.000000
1.360000 5000.000000 256.000000
1.362000 5000.000000 256.000000
1.364000 5000.000000 257.000000
1.366000 5000.000000 257.000000
1.368000 5000.000000 256.000000
1.370000 5000.000000 257.000000
1.372000 5000.000000 258.000000
1.374000 5000.000000 258.000000
1.376000 5000.000000 257.000000
1.378000 5000.000000 257.000000
1.380000 5000.000000 259.000000
1.382000 5000.000000 259.000000
1.384000 5000.000000 257.000000
1.386000 5000.000000 259.000000
1.388000 5000.000000 259.000000
1.390000 5000.000000 259.000000
1.392000 5000.000000 259.000000
1.394000 5000.000000 258.000000
1.396000 5000.000000 259.000000
1.398000 5000.000000 258.000000
1.400000 5000.000000 255.000000
1.402000 5000.000000 254.000000
1.404000 5000.000000 253.000000
1.406000 5000.000000 252.000000
1.408000 5000.000000 251.000000
1.410000 5000.000000 252.000000
1.412000 5000.000000 253.000000
1.414000 5000.000000 253.000000
1.416000 5000.000000 253.000000
1.418000 5000.000000 254.000000
1.420000 5000.000000 256.000000
1.422000 5000.000000 255.000000
1.424000 5000.000000 254.000000
1.426000 5000.000000 257.000000
1.428000 5000.000000 257.000000
1.430000 5000.000000 257.000000
1.432000 5000.000000 256.000000
1.434000 5000.000000 257.000000
1.436000 5000.000000 258.000000
1.438000 5000.000000 258.000000
1.440000 5000.000000 257.000000
1.442000 5000.000000 258.000000
1.444000 5000.000000 258.000000
1.446000 5000.000000 259.000000
1.448000 5000.000000 257.000000
1.450000 5000.000000 258.000000
1.452000 5000.000000 259.000000
1.454000 5000.000000 259.000000
1.456000 5000.000000 258.000000
1.458000 5000.000000 259.000000
1.460000 5000.000000 259.000000
1.462000 5000.000000 260.000000
1.464000 5000.000000 260.000000
1.466000 5000.000000 260.000000
1.468000 5000.000000 262.000000
1.470000 5000.000000 261.000000
1.472000 5000.000000 262.000000
1.474000 5000.000000 262.000000
1.476000 5000.000000 262.000000
1.478000 5000.000000 263.000000
1.480000 5000.000000 262.000000
1.482000 5000.000000 262.000000
1.484000 5000.000000 264.000000
1.486000 5000.000000 262.000000
1.488000 5000.000000 262.000000
1.490000 5000.000000 263.000000
1.492000 5000.000000 263.000000
1.494000 5000.000000 262.000000
1.496000 5000.000000 262.000000
1.498000 5000.000000 262.000000
1.500000 5000.000000 262.000000
1.502000 5000.000000 262.000000
1.504000 5000.000000 261.000000
1.506000 5000.000000 262.000000
1.508000 5000.000000 262.000000
1.510000 5000.000000 261.000000
1.512000 5000.000000 262.000000
1.514000 5000.000000 262.000000
1.516000 5000.000000 261.000000
1.518000 5000.000000 260.000000
1.520000 5000.000000 260.000000
1.522000 5000.000000 261.000000
1.524000 5000.000000 258.000000
1.526000 5000.000000 255.000000
1.528000 5000.000000 255.000000
1.530000 5000.000000 254.000000
1.532000 5000.000000 254.000000
1.534000 5000.000000 252.000000
1.536000 5000.000000 253.000000
1.538000 5000.000000 255.000000
1.540000 5000.000000 255.000000
1.542000 5000.000000 253.000000
1.544000 5000.000000 255.000000
1.546000 5000.000000 255.000000
1.548000 5000.000000 256.000000
1.550000 5000.000000 255.000000
1.552000 5000.000000 255.000000
1.554000 5000.000000 256.000000
1.556000 5000.000000 257.000000
1.558000 5000.000000 257.000000
1.560000 5000.000000 257.000000
1.562000 5000.000000 258.000000
1.564000 5000.000000 259.000000
1.566000 5000.000000 258.000000
1.568000 5000.000000 259.000000
1.570000 5000.000000 259.000000
1.572000 5000.000000 260.000000
1.574000 5000.000000 258.000000
1.576000 5000.000000 260.000000
1.578000 5000.000000 260.000000
1.580000 5000.000000 261.000000
1.582000 5000.000000 259.000000
1.584000 5000.000000 261.000000
1.586000 5000.000000 262.000000
1.588000 5000.000000 261.000000
1.590000 5000.000000 261.000000
1.592000 5000.000000 261.000000
1.594000 5000.000000 262.000000
1.596000 5000.000000 262.000000
1.598000 5000.000000 260.000000
1.600000 5000.000000 262.000000
1.602000 5000.000000 261.000000
1.604000 5000.000000 262.000000
1.606000 5000.000000 260.000000
1.608000 5000.000000 261.000000
1.610000 5000.000000 262.000000
1.612000 5000.000000 261.000000
1.614000 5000.000000 260.000000
1.616000 5000.000000 262.000000
1.618000 5000.000000 261.000000
1.620000 5000.000000 261.000000
1.622000 5000.000000 260.000000
1.624000 5000.000000 259.000000
1.626000 5000.000000 261.000000
1.628000 5000.000000 259.000000
1.630000 5000.000000 259.000000
1.632000 5000.000000 260.000000
1.634000 5000.000000 260.000000
1.636000 5000.000000 259.000000
1.638000 5000.000000 260.000000
1.640000 5000.000000 260.000000
1.642000 5000.000000 260.000000
1.644000 5000.000000 260.000000
1.646000 5000.000000 260.000000
1.648000 5000.000000 261.000000
1.650000 5000.000000 261.000000
1.652000 5000.000000 260.000000
1.654000 5000.000000 261.000000
1.656000 5000.000000 261.000000
1.658000 5000.000000 261.000000
1.660000 5000.000000 260.000000
1.662000 5000.000000 261.000000
1.664000 5000.000000 260.000000
1.666000 5000.000000 260.000000
1.668000 5000.000000 259.000000
1.670000 5000.000000 259.000000
1.672000 5000.000000 260.000000
1.674000 5000.000000 260.000000
1.676000 5000.000000 258.000000
1.678000 5000.000000 259.000000
1.680000 5000.000000 260.000000
1.682000 5000.000000 259.000000
1.684000 5000.000000 258.000000
1.686000 5000.000000 258.000000
1.688000 5000.000000 259.000000
1.690000 5000.000000 259.000000
1.692000 5000.000000 256.000000
1.694000 5000.000000 256.000000
1.696000 5000.000000 256.000000
1.698000 5000.000000 255.000000
1.700000 5000.000000 253.000000
1.702000 5000.000000 254.000000
1.704000 5000.000000 255.000000
1.706000 5000.000000 256.000000
1.708000 5000.000000 255.000000
1.710000 5000.000000 255.000000
1.712000 5000.000000 256.000000
1.714000 5000.000000 256.000000
1.716000 5000.000000 257.000000
1.718000 5000.000000 256.000000
1.720000 5000.000000 257.000000
1.722000 5000.000000 258.000000
1.724000 5000.000000 256.000000
1.726000 5000.000000 258.000000
1.728000 5000.000000 258.000000
1.730000 5000.000000 259.000000
1.732000 5000.000000 257.000000
1.734000 5000.000000 258.000000
1.736000 5000.000000 259.000000
1.738000 5000.000000 260.000000
1.740000 5000.000000 258.000000
1.742000 5000.000000 259.000000
1.744000 5000.000000 260.000000
1.746000 5000.000000 261.000000
1.748000 5000.000000 260.000000
1.750000 5000.000000 260.000000
1.752000 5000.000000 261.000000
1.754000 5000.000000 261.000000
1.756000 5000.000000 261.000000
1.758000 5000.000000 261.000000
1.760000 5000.000000 262.000000
1.762000 5000.000000 262.000000
1.764000 5000.000000 261.000000
1.766000 5000.000000 262.000000
1.768000 5000.000000 261.000000
1.770000 5000.000000 261.000000
1.772000 5000.000000 260.000000
1.774000 5000.000000 260.000000
1.776000 5000.000000 260.000000
1.778000 5000.000000 259.000000
1.780000 5000.000000 258.000000
1.782000 5000.000000 258.000000
1.784000 5000.000000 259.000000
1.786000 5000.000000 259.000000
1.788000 5000.000000 258.000000
1.790000 5000.000000 259.000000
1.792000 5000.000000 259.000000
1.794000 5000.000000 260.000000
1.796000 5000.000000 258.000000
1.798000 5000.000000 260.000000
1.800000 5000.000000 260.000000
1.802000 5000.000000 260.000000
1.804000 5000.000000 259.000000
1.806000 5000.000000 260.000000
1.808000 5000.000000 261.000000
1.810000 5000.000000 261.000000
1.812000 5000.000000 260.000000
1.814000 5000.000000 261.000000
1.816000 5000.000000 262.000000
1.818000 5000.000000 262.000000
1.820000 5000.000000 261.000000
1.822000 5000.000000 262.000000
1.824000 5000.000000 262.000000
1.826000 5000.000000 262.000000
1.828000 5000.000000 262.000000
1.830000 5000.000000 263.000000
1.832000 5000.000000 263.000000
1.834000 5000.000000 262.000000
1.836000 5000.000000 263.000000
1.838000 5000.000000 263.000000
1.840000 5000.000000 262.000000
1.842000 5000.000000 262.000000
1.844000 5000.000000 263.000000
1.846000 5000.000000 262.000000
1.848000 5000.000000 263.000000
1.850000 5000.000000 260.000000
1.852000 5000.000000 261.000000
1.854000 5000.000000 260.000000
1.856000 5000.000000 258.000000
1.858000 5000.000000 256.000000
1.860000 5000.000000 255.000000
1.862000 5000.000000 255.000000
1.864000 5000.000000 254.000000
1.866000 5000.000000 253.000000
1.868000 5000.000000 253.000000
1.870000 5000.000000 255.000000
1.872000 5000.000000 254.000000
1.874000 5000.000000 254.000000
1.876000 5000.000000 254.000000
1.878000 5000.000000 255.000000
1.880000 5000.000000 256.000000
1.882000 5000.000000 255.000000
1.884000 5000.000000 256.000000
1.886000 5000.000000 256.000000
1.888000 5000.000000 257.000000
1.890000 5000.000000 257.000000
1.892000 5000.000000 257.000000
1.894000 5000.000000 258.000000
1.896000 5000.000000 259.000000
1.898000 5000.000000 259.000000
1.900000 5000.000000 259.000000
1.902000 5000.000000 259.000000
1.904000 5000.000000 261.000000
1.906000 5000.000000 260.000000
1.908000 5000.000000 260.000000
1.910000 5000.000000 260.000000
1.912000 5000.000000 262.000000
1.914000 5000.000000 260.000000
1.916000 5000.000000 260.000000
1.918000 5000.000000 262.000000
1.920000 5000.000000 262.000000
1.922000 5000.000000 261.000000
1.924000 5000.000000 262.000000
1.926000 5000.000000 262.000000
1.928000 5000.000000 262.000000
1.930000 5000.000000 260.000000
1.932000 5000.000000 261.000000
1.934000 5000.000000 261.000000
1.936000 5000.000000 259.000000
1.938000 5000.000000 257.000000
1.940000 5000.000000 258.000000
1.942000 5000.000000 257.000000
1.944000 5000.000000 256.000000
1.946000 5000.000000 256.000000
1.948000 5000.000000 257.000000
1.950000 5000.000000 258.000000
1.952000 5000.000000 258.000000
1.954000 5000.000000 257.000000
1.956000 5000.000000 258.000000
1.958000 5000.000000 258.000000
1.960000 5000.000000 259.000000
1.962000 5000.000000 258.000000
1.964000 5000.000000 259.000000
1.966000 5000.000000 259.000000
1.968000 5000.000000 259.000000
1.970000 5000.000000 259.000000
1.972000 5000.000000 260.000000
1.974000 5000.000000 260.000000
1.976000 5000.000000 260.000000
1.978000 5000.000000 260.000000
1.980000 5000.000000 261.000000
1.982000 5000.000000 262.000000
1.984000 5000.000000 262.000000
1.986000 5000.000000 261.000000
1.988000 5000.000000 262.000000
1.990000 5000.000000 263.000000
1.992000 5000.000000 262.000000
1.994000 5000.000000 262.000000
1.996000 5000.000000 263.000000
1.998000 5000.000000 264.000000
2.000000 0.000000 262.000000
2.002000 0.000000 260.000000
2.004000 0.000000 253.000000
2.006000 0.000000 243.000000
2.008000 0.000000 231.000000
2.010000 0.000000 222.000000
2.012000 0.000000 214.000000
2.014000 0.000000 205.000000
2.016000 0.000000 197.000000
2.018000 0.000000 185.000000
2.020000 0.000000 177.000000
2.022000 0.000000 171.000000
2.024000 0.000000 167.000000
2.026000 0.000000 164.000000
2.028000 0.000000 166.000000
2.030000 0.000000 167.000000
2.032000 0.000000 169.000000
2.034000 0.000000 169.000000
2.036000 0.000000 167.000000
2.038000 0.000000 162.000000
2.040000 0.000000 156.000000
2.042000 0.000000 149.000000
2.044000 0.000000 142.000000
2.046000 0.000000 136.000000
2.048000 0.000000 132.000000
2.050000 0.000000 128.000000
2.052000 0.000000 122.000000
2.054000 0.000000 120.000000
2.056000 0.000000 115.000000
2.058000 0.000000 110.000000
2.060000 0.000000 106.000000
2.062000 0.000000 102.000000
2.064000 0.000000 98.000000
2.066000 0.000000 94.000000
2.068000 0.000000 91.000000
2.070000 0.000000 87.000000
2.072000 0.000000 85.000000
2.074000 0.000000 83.000000
2.076000 0.000000 84.000000
2.078000 0.000000 83.000000
2.080000 0.000000 82.000000
2.082000 0.000000 80.000000
2.084000 0.000000 76.000000
2.086000 0.000000 74.000000
2.088000 0.000000 71.000000
2.090000 0.000000 67.000000
2.092000 0.000000 65.000000
2.094000 0.000000 62.000000
2.096000 0.000000 59.000000
2.098000 0.000000 57.000000
2.100000 0.000000 55.000000
2.102000 0.000000 52.000000
2.104000 0.000000 51.000000
2.106000 0.000000 49.000000
2.108000 0.000000 46.000000
2.110000 0.000000 46.000000
2.112000 0.000000 44.000000
2.114000 0.000000 43.000000
2.116000 0.000000 43.000000
2.118000 0.000000 43.000000
2.120000 0.000000 42.000000
2.122000 0.000000 39.000000
2.124000 0.000000 39.000000
2.126000 0.000000 37.000000
2.128000 0.000000 35.000000
2.130000 0.000000 34.000000
2.132000 0.000000 33.000000
2.134000 0.000000 30.000000
2.136000 0.000000 30.000000
2.138000 0.000000 30.000000
2.140000 0.000000 28.000000
2.142000 0.000000 28.000000
2.144000 0.000000 27.000000
2.146000 0.000000 24.000000
2.148000 0.000000 25.000000
2.150000 0.000000 23.000000
2.152000 0.000000 24.000000
2.154000 0.000000 22.000000
2.156000 0.000000 21.000000
2.158000 0.000000 19.000000
2.160000 0.000000 19.000000
2.162000 0.000000 17.000000
2.164000 0.000000 17.000000
2.166000 0.000000 17.000000
2.168000 0.000000 17.000000
2.170000 0.000000 16.000000
2.172000 0.000000 15.000000
2.174000 0.000000 14.000000
2.176000 0.000000 13.000000
2.178000 0.000000 12.000000
2.180000 0.000000 11.000000
2.182000 0.000000 9.000000
2.184000 0.000000 9.000000
2.186000 0.000000 7.000000
2.188000 0.000000 6.000000
2.190000 0.000000 7.000000
2.192000 0.000000 7.000000
2.194000 0.000000 7.000000
2.196000 0.000000 7.000000
2.198000 0.000000 7.000000
2.200000 0.000000 6.000000
2.202000 0.000000 6.000000
2.204000 0.000000 5.000000
2.206000 0.000000 5.000000
2.208000 0.000000 4.000000
2.210000 0.000000 4.000000
2.212000 0.000000 2.000000
2.214000 0.000000 3.000000
2.216000 0.000000 1.000000
2.218000 0.000000 1.000000
2.220000 0.000000 0.000000
2.222000 0.000000 0.000000
2.224000 0.000000 0.000000
2.226000 0.000000 0.000000
2.228000 0.000000 0.000000
2.230000 0.000000 0.000000
2.232000 0.000000 0.000000
2.234000 0.000000 0.000000
2.236000 0.000000 0.000000
2.238000 0.000000 0.000000
2.240000 0.000000 0.000000
2.242000 0.000000 0.000000
2.244000 0.000000 0.000000
2.246000 0.000000 0.000000
2.248000 0.000000 0.000000
2.250000 0.000000 0.000000
2.252000 0.000000 0.000000
2.254000 0.000000 0.000000
2.256000 0.000000 0.000000
2.258000 0.000000 0.000000
2.260000 0.000000 0.000000
2.262000 0.000000 0.000000
2.264000 0.000000 0.000000
2.266000 0.000000 0.000000
2.268000 0.000000 0.000000
2.270000 0.000000 0.000000
2.272000 0.000000 0.000000
2.274000 0.000000 0.000000
2.276000 0.000000 0.000000
2.278000 0.000000 0.000000
2.280000 0.000000 0.000000
2.282000 0.000000 0.000000
2.284000 0.000000 0.000000
2.286000 0.000000 0.000000
2.288000 0.000000 0.000000
2.290000 0.000000 0.000000
2.292000 0.000000 0.000000
2.294000 0.000000 0.000000
2.296000 0.000000 0.000000
2.298000 0.000000 0.000000
2.300000 0.000000 0.000000
2.302000 0.000000 0.000000
2.304000 0.000000 0.000000
2.306000 0.000000 0.000000
2.308000 0.000000 0.000000
2.310000 0.000000 0.000000
2.312000 0.000000 0.000000
2.314000 0.000000 0.000000
2.316000 0.000000 0.000000
2.318000 0.000000 0.000000
2.320000 0.000000 0.000000
2.322000 0.000000 0.000000
2.324000 0.000000 0.000000
2.326000 0.000000 0.000000
2.328000 0.000000 0.000000
2.330000 0.000000 0.000000
2.332000 0.000000 0.000000
2.334000 0.000000 0.000000
2.336000 0.000000 0.000000
2.338000 0.000000 0.000000
2.340000 0.000000 0.000000
2.342000 0.000000 0.000000
2.344000 0.000000 0.000000
2.346000 0.000000 0.000000
2.348000 0.000000 0.000000
2.350000 0.000000 0.000000
2.352000 0.000000 0.000000
2.354000 0.000000 0.000000
2.356000 0.000000 0.000000
2.358000 0.000000 0.000000
2.360000 0.000000 0.000000
2.362000 0.000000 0.000000
2.364000 0.000000 0.000000
2.366000 0.000000 0.000000
2.368000 0.000000 0.000000
2.370000 0.000000 0.000000
2.372000 0.000000 0.000000
2.374000 0.000000 0.000000
2.376000 0.000000 0.000000
2.378000 0.000000 0.000000
2.380000 0.000000 0.000000
2.382000 0.000000 0.000000
2.384000 0.000000 0.000000
2.386000 0.000000 0.000000
2.388000 0.000000 0.000000
2.390000 0.000000 0.000000
2.392000 0.000000 0.000000
2.394000 0.000000 0.000000
2.396000 0.000000 0.000000
2.398000 0.000000 0.000000
2.400000 0.000000 0.000000
2.402000 0.000000 0.000000
2.404000 0.000000 0.000000
2.406000 0.000000 0.000000
2.408000 0.000000 0.000000
2.410000 0.000000 0.000000
2.412000 0.000000 0.000000
2.414000 0.000000 0.000000
2.416000 0.000000 0.000000
2.418000 0.000000 0.000000
2.420000 0.000000 0.000000
2.422000 0.000000 0.000000
2.424000 0.000000 0.000000
2.426000 0.000000 0.000000
2.428000 0.000000 0.000000
2.430000 0.000000 0.000000
2.432000 0.000000 0.000000
2.434000 0.000000 0.000000
2.436000 0.000000 0.000000
2.438000 0.000000 0.000000
2.440000 0.000000 0.000000
2.442000 0.000000 0.000000
2.444000 0.000000 0.000000
2.446000 0.000000 0.000000
2.448000 0.000000 0.000000
2.450000 0.000000 0.000000
2.452000 0.000000 0.000000
2.454000 0.000000 0.000000
2.456000 0.000000 0.000000
2.458000 0.000000 0.000000
2.460000 0.000000 0.000000
2.462000 0.000000 0.000000
2.464000 0.000000 0.000000
2.466000 0.000000 0.000000
2.468000 0.000000 0.000000
2.470000 0.000000 0.000000
2.472000 0.000000 0.000000
2.474000 0.000000 0.000000
2.476000 0.000000 0.000000
2.478000 0.000000 0.000000
2.480000 0.000000 0.000000
2.482000 0.000000 0.000000
2.484000 0.000000 0.000000
2.486000 0.000000 0.000000
2.488000 0.000000 0.000000
2.490000 0.000000 0.000000
2.492000 0.000000 0.000000
2.494000 0.000000 0.000000
2.496000 0.000000 0.000000
2.498000 0.000000 0.000000
2.500000 0.000000 0.000000
2.502000 0.000000 0.000000
2.504000 0.000000 0.000000
2.506000 0.000000 0.000000
2.508000 0.000000 0.000000
2.510000 0.000000 0.000000
2.512000 0.000000 0.000000
2.514000 0.000000 0.000000
2.516000 0.000000 0.000000
2.518000 0.000000 0.000000
2.520000 0.000000 0.000000
2.522000 0.000000 0.000000
2.524000 0.000000 0.000000
2.526000 0.000000 0.000000
2.528000 0.000000 0.000000
2.530000 0.000000 0.000000
2.532000 0.000000 0.000000
2.534000 0.000000 0.000000
2.536000 0.000000 0.000000
2.538000 0.000000 0.000000
2.540000 0.000000 0.000000
2.542000 0.000000 0.000000
2.544000 0.000000 0.000000
2.546000 0.000000 0.000000
2.548000 0.000000 0.000000
2.550000 0.000000 0.000000
2.552000 0.000000 0.000000
2.554000 0.000000 0.000000
2.556000 0.000000 0.000000
2.558000 0.000000 0.000000
2.560000 0.000000 0.000000
2.562000 0.000000 0.000000
2.564000 0.000000 0.000000
2.566000 0.000000 0.000000
2.568000 0.000000 0.000000
2.570000 0.000000 0.000000
2.572000 0.000000 0.000000
2.574000 0.000000 0.000000
2.576000 0.000000 0.000000
2.578000 0.000000 0.000000
2.580000 0.000000 0.000000
2.582000 0.000000 0.000000
2.584000 0.000000 0.000000
2.586000 0.000000 0.000000
2.588000 0.000000 0.000000
2.590000 0.000000 0.000000
2.592000 0.000000 0.000000
2.594000 0.000000 0.000000
2.596000 0.000000 0.000000
2.598000 0.000000 0.000000
2.600000 0.000000 0.000000
2.602000 0.000000 0.000000
2.604000 0.000000 0.000000
2.606000 0.000000 0.000000
2.608000 0.000000 0.000000
2.610000 0.000000 0.000000
2.612000 0.000000 0.000000
2.614000 0.000000 0.000000
2.616000 0.000000 0.000000
2.618000 0.000000 0.000000
2.620000 0.000000 0.000000
2.622000 0.000000 0.000000
2.624000 0.000000 0.000000
2.626000 0.000000 0.000000
2.628000 0.000000 0.000000
2.630000 0.000000 0.000000
2.632000 0.000000 0.000000
2.634000 0.000000 0.000000
2.636000 0.000000 0.000000
2.638000 0.000000 0.000000
2.640000 0.000000 0.000000
2.642000 0.000000 0.000000
2.644000 0.000000 0.000000
2.646000 0.000000 0.000000
2.648000 0.000000 0.000000
2.650000 0.000000 0.000000
2.652000 0.000000 0.000000
2.654000 0.000000 0.000000
2.656000 0.000000 0.000000
2.658000 0.000000 0.000000
2.660000 0.000000 0.000000
2.662000 0.000000 0.000000
2.664000 0.000000 0.000000
2.666000 0.000000 0.000000
2.668000 0.000000 0.000000
2.670000 0.000000 0.000000
2.672000 0.000000 0.000000
2.674000 0.000000 0.000000
2.676000 0.000000 0.000000
2.678000 0.000000 0.000000
2.680000 0.000000 0.000000
2.682000 0.000000 0.000000
2.684000 0.000000 0.000000
2.686000 0.000000 0.000000
2.688000 0.000000 0.000000
2.690000 0.000000 0.000000
2.692000 0.000000 0.000000
2.694000 0.000000 0.000000
2.696000 0.000000 0.000000
2.698000 0.000000 0.000000
2.700000 0.000000 0.000000
2.702000 0.000000 0.000000
2.704000 0.000000 0.000000
2.706000 0.000000 0.000000
2.708000 0.000000 0.000000
2.710000 0.000000 0.000000
2.712000 0.000000 0.000000
2.714000 0.000000 0.000000
2.716000 0.000000 0.000000
2.718000 0.000000 0.000000
2.720000 0.000000 0.000000
2.722000 0.000000 0.000000
2.724000 0.000000 0.000000
2.726000 0.000000 0.000000
2.728000 0.000000 0.000000
2.730000 0.000000 0.000000
2.732000 0.000000 0.000000
2.734000 0.000000 0.000000
2.736000 0.000000 0.000000
2.738000 0.000000 0.000000
2.740000 0.000000 0.000000
2.742000 0.000000 0.000000
2.744000 0.000000 0.000000
2.746000 0.000000 0.000000
2.748000 0.000000 0.000000
2.750000 0.000000 0.000000
2.752000 0.000000 0.000000
2.754000 0.000000 0.000000
2.756000 0.000000 0.000000
2.758000 0.000000 0.000000
2.760000 0.000000 0.000000
2.762000 0.000000 0.000000
2.764000 0.000000 0.000000
2.766000 0.000000 0.000000
2.768000 0.000000 0.000000
2.770000 0.000000 0.000000
2.772000 0.000000 0.000000
2.774000 0.000000 0.000000
2.776000 0.000000 0.000000
2.778000 0.000000 0.000000
2.780000 0.000000 0.000000
2.782000 0.000000 0.000000
2.784000 0.000000 0.000000
2.786000 0.000000 0.000000
2.788000 0.000000 0.000000
2.790000 0.000000 0.000000
2.792000 0.000000 0.000000
2.794000 0.000000 0.000000
2.796000 0.000000 0.000000
2.798000 0.000000 0.000000
2.800000 0.000000 0.000000
2.802000 0.000000 0.000000
2.804000 0.000000 0.000000
2.806000 0.000000 0.000000
2.808000 0.000000 0.000000
2.810000 0.000000 0.000000
2.812000 0.000000 0.000000
2.814000 0.000000 0.000000
2.816000 0.000000 0.000000
2.818000 0.000000 0.000000
2.820000 0.000000 0.000000
2.822000 0.000000 0.000000
2.824000 0.000000 0.000000
2.826000 0.000000 0.000000
2.828000 0.000000 0.000000
2.830000 0.000000 0.000000
2.832000 0.000000 0.000000
2.834000 0.000000 0.000000
2.836000 0.000000 0.000000
2.838000 0.000000 0.000000
2.840000 0.000000 0.000000
2.842000 0.000000 0.000000
2.844000 0.000000 0.000000
2.846000 0.000000 0.000000
2.848000 0.000000 0.000000
2.850000 0.000000 0.000000
2.852000 0.000000 0.000000
2.854000 0.000000 0.000000
2.856000 0.000000 0.000000
2.858000 0.000000 0.000000
2.860000 0.000000 0.000000
2.862000 0.000000 0.000000
2.864000 0.000000 0.000000
2.866000 0.000000 0.000000
2.868000 0.000000 0.000000
2.870000 0.000000 0.000000
2.872000 0.000000 0.000000
2.874000 0.000000 0.000000
2.876000 0.000000 0.000000
2.878000 0.000000 0.000000
2.880000 0.000000 0.000000
2.882000 0.000000 0.000000
2.884000 0.000000 0.000000
2.886000 0.000000 0.000000
2.888000 0.000000 0.000000
2.890000 0.000000 0.000000
2.892000 0.000000 0.000000
2.894000 0.000000 0.000000
2.896000 0.000000 0.000000
2.898000 0.000000 0.000000
2.900000 0.000000 0.000000
2.902000 0.000000 0.000000
2.904000 0.000000 0.000000
2.906000 0.000000 0.000000
2.908000 0.000000 0.000000
2.910000 0.000000 0.000000
2.912000 0.000000 0.000000
2.914000 0.000000 0.000000
2.916000 0.000000 0.000000
2.918000 0.000000 0.000000
2.920000 0.000000 0.000000
2.922000 0.000000 0.000000
2.924000 0.000000 0.000000
2.926000 0.000000 0.000000
2.928000 0.000000 0.000000
2.930000 0.000000 0.000000
2.932000 0.000000 0.000000
2.934000 0.000000 0.000000
2.936000 0.000000 0.000000
2.938000 0.000000 0.000000
2.940000 0.000000 0.000000
2.942000 0.000000 0.000000
2.944000 0.000000 0.000000
2.946000 0.000000 0.000000
2.948000 0.000000 0.000000
2.950000 0.000000 0.000000
2.952000 0.000000 0.000000
2.954000 0.000000 0.000000
2.956000 0.000000 0.000000
2.958000 0.000000 0.000000
2.960000 0.000000 0.000000
2.962000 0.000000 0.000000
2.964000 0.000000 0.000000
2.966000 0.000000 0.000000
2.968000 0.000000 0.000000
2.970000 0.000000 0.000000
2.972000 0.000000 0.000000
2.974000 0.000000 0.000000
2.976000 0.000000 0.000000
2.978000 0.000000 0.000000
2.980000 0.000000 0.000000
2.982000 0.000000 0.000000
2.984000 0.000000 0.000000
2.986000 0.000000 0.000000
2.988000 0.000000 0.000000
2.990000 0.000000 0.000000
2.992000 0.000000 0.000000
2.994000 0.000000 0.000000
2.996000 0.000000 0.000000
2.998000 0.000000 0.000000
