S 0 S 36.694340 3.637695 22.363280 32.226560 41.992190 50.561520 0.976563 53.344730 -209.732700 2000.000000 E
S 1 S 38.500980 1.342773 33.374020 35.400390 35.302730 35.522460 0.659180 34.008790 -77.781390 2000.000000 E
S 2 S 38.549800 1.562500 32.421880 35.302730 35.083010 35.668950 0.683594 33.691410 -77.781390 2000.000000 E
S 3 S 38.281250 1.855469 31.640630 35.058590 34.887700 35.839840 0.781250 33.544920 -129.334000 2000.000000 E
S 4 S 37.719730 2.172852 30.322270 34.790040 34.716800 35.937500 0.927734 33.349610 -129.334000 2000.000000 E
S 5 S 37.255860 2.929688 28.344730 34.423830 34.545900 36.572270 0.952148 33.203130 -154.219000 2000.000000 E
S 6 S 36.547850 3.491211 26.806640 34.155270 34.619140 37.329100 0.903320 33.251950 -189.492500 2000.000000 E
S 7 S 36.303710 4.248047 25.708010 34.106450 34.765630 37.866210 1.123047 33.178710 -222.791700 2000.000000 E
S 8 S 34.252930 5.590820 21.655270 32.739260 34.594730 39.501950 1.342773 33.911130 -246.399400 2000.000000 E
S 9 S 33.178710 6.640625 19.482420 31.884770 34.545900 40.844730 1.635742 34.643550 -246.399400 2000.000000 E
S 10 S 30.590820 8.569336 15.209960 30.297850 34.277340 42.773440 2.148438 35.913090 -260.000000 2000.000000 E
S 11 S 29.711910 9.594727 13.525390 29.394530 34.423830 44.482420 2.612305 36.889650 -260.000000 2000.000000 E
S 12 S 28.686520 10.961910 11.254880 28.735350 34.350590 46.801760 3.442383 38.208010 -260.000000 2000.000000 E
S 13 S 27.856450 12.011720 10.034180 28.222660 34.472660 48.657230 4.467773 39.404300 -260.000000 2000.000000 E
S 14 S 26.757810 13.281250 7.836914 26.660160 33.715820 52.221680 6.518555 41.137700 -260.000000 2000.000000 E
S 15 S 26.245120 14.111330 7.397461 25.927730 33.374020 53.417970 7.739258 42.138670 -221.651100 2000.000000 E
S 16 S 25.488280 14.672850 6.298828 25.537110 32.666020 54.663090 9.033203 42.749020 -221.651100 2000.000000 E
S 17 S 25.024410 14.990230 5.908203 25.146480 32.299800 56.079100 10.546880 43.457030 -160.481600 2000.000000 E
S 18 S 24.829100 15.258790 5.761719 24.951170 32.153320 57.812500 12.231450 44.018550 -156.000000 2000.000000 E
S 19 S 25.537110 15.454100 5.957031 25.366210 32.080080 59.838870 14.672850 44.335940 -214.281800 2000.000000 E
S 20 S 25.781250 15.405270 6.250000 25.830080 32.250980 60.961910 16.113280 44.628910 -214.281800 2000.000000 E
S 21 S 25.708010 15.405270 6.323242 26.025390 32.275390 61.474610 16.845700 44.604490 -203.217800 2000.000000 E
S 22 S 26.562500 15.136720 6.713867 26.367190 32.543950 61.962890 17.382810 44.580080 -203.217800 2000.000000 E
S 23 S 26.147460 15.014650 7.031250 26.708980 32.714840 61.987300 17.602540 44.653320 -117.269300 2000.000000 E
S 24 S 27.001950 14.355470 8.007813 27.416990 33.203130 62.280270 18.066410 44.799800 -118.468800 2000.000000 E
S 25 S 27.416990 14.160160 8.764648 28.051760 33.593750 62.207030 17.675780 44.824220 -122.148500 2000.000000 E
S 26 S 27.807620 13.745120 9.228516 28.564450 34.057620 62.182620 17.553710 44.775390 -122.148500 2000.000000 E
S 27 S 28.369140 13.330080 9.912109 29.077150 34.423830 61.767580 17.114260 44.555660 -138.769500 2000.000000 E
S 28 S 29.565430 12.988280 11.669920 29.882810 34.594730 60.839840 16.503910 43.994140 -126.107800 2000.000000 E
S 29 S 30.078130 12.597660 11.791990 30.224610 34.643550 60.131840 15.698240 43.627930 -126.107800 2000.000000 E
S 30 S 30.249020 12.500000 12.329100 30.761720 34.838870 59.375000 15.087890 43.383790 -100.383000 2000.000000 E
S 31 S 31.445310 12.304690 13.867190 31.079100 34.985350 59.106450 14.819340 43.286130 -82.653660 2000.000000 E
S 32 S 31.762700 12.133790 14.428710 31.909180 35.498050 58.422850 13.940430 43.261720 -82.653660 2000.000000 E
S 33 S 33.496090 11.450200 15.942380 32.836910 35.644530 57.641600 13.134770 42.480470 -93.216460 2000.000000 E
S 34 S 33.300780 11.206050 16.552730 33.203130 35.888670 56.518550 12.475590 42.333980 -119.706900 2000.000000 E
S 35 S 34.545900 11.132810 17.529300 33.544920 35.717770 56.103520 12.084960 42.016600 -119.706900 2000.000000 E
S 36 S 34.619140 10.937500 17.895510 33.837890 35.766600 55.126950 11.376950 41.650390 -72.085980 2000.000000 E
S 37 S 41.845700 7.226563 28.198240 38.037110 36.474610 48.632810 6.347656 39.160160 -59.570630 2000.000000 E
S 38 S 43.725590 4.785156 33.154300 38.964840 36.669920 44.726560 3.686523 38.354490 -23.029590 2000.000000 E
S 39 S 43.750000 4.907227 33.569340 39.111330 36.499020 44.042970 3.564453 38.061520 -15.807720 2000.000000 E
S 40 S 37.622070 2.099609 45.874020 31.811520 32.836910 15.795900 11.035160 33.911130 260.000000 2000.000000 E
S 41 S 37.646480 2.099609 45.898440 31.787110 32.226560 14.770510 11.791990 33.056640 260.000000 2000.000000 E
S 42 S 38.623050 2.148438 46.948240 31.762700 30.419920 11.743160 12.768550 29.174800 260.000000 2000.000000 E
S 43 S 39.135740 2.270508 47.534180 32.006840 28.955080 9.375000 13.964840 26.660160 260.000000 2000.000000 E
S 44 S 40.380860 2.343750 49.023440 31.982420 27.514650 7.153320 15.356450 24.365230 260.000000 2000.000000 E
S 45 S 41.284180 2.465820 50.268550 31.909180 26.098630 5.493164 16.845700 22.241210 260.000000 2000.000000 E
S 46 S 43.359380 2.880859 52.465820 32.055660 24.218750 4.003906 18.603520 19.873050 260.000000 2000.000000 E
S 47 S 45.849610 3.784180 55.883790 31.274410 21.044920 3.320313 22.167970 16.186520 260.000000 2000.000000 E
S 48 S 46.923830 4.711914 57.446290 30.419920 18.823240 4.589844 24.560550 14.331050 260.000000 2000.000000 E
S 49 S 49.462890 7.104492 61.230470 27.832030 15.234380 9.838867 29.614260 11.596680 260.000000 2000.000000 E
S 50 S 50.146480 8.984375 62.768550 25.854490 13.647460 12.915040 32.226560 10.961910 260.000000 2000.000000 E
S 51 S 49.951170 12.939450 64.453130 22.363280 11.523440 17.651370 36.547850 10.327150 260.000000 2000.000000 E
S 52 S 48.803710 16.333010 65.234380 19.970700 10.546880 20.214840 39.282230 10.498050 260.000000 2000.000000 E
S 53 S 46.337890 19.311520 64.282230 18.041990 10.034180 21.679690 41.186520 10.961910 260.000000 2000.000000 E
S 54 S 43.334960 21.630860 62.768550 16.357420 10.180660 22.485350 42.602540 11.694340 260.000000 2000.000000 E
S 55 S 40.087890 23.046880 60.473630 14.892580 10.180660 22.363280 44.042970 12.792970 260.000000 2000.000000 E
S 56 S 34.716800 23.266600 55.371090 13.354490 10.913090 21.411130 44.628910 14.990230 260.000000 2000.000000 E
S 57 S 31.567380 22.314450 51.806640 12.402340 11.376950 20.214840 44.799800 16.625980 260.000000 2000.000000 E
S 58 S 28.613280 20.996090 48.242190 11.840820 11.743160 18.579100 43.750000 17.822270 260.000000 2000.000000 E
S 59 S 25.878910 19.433590 44.677730 11.230470 11.962890 17.041020 43.237300 19.116210 260.000000 2000.000000 E
S 60 S 22.412110 16.577150 39.501950 10.473630 12.866210 14.135740 41.674800 21.704100 260.000000 2000.000000 E
S 61 S 20.410160 15.039060 36.596680 9.887695 13.281250 12.500000 40.625000 23.291020 260.000000 2000.000000 E
S 62 S 18.774410 13.427730 33.911130 9.570313 13.598630 10.839840 39.111330 24.804690 260.000000 2000.000000 E
S 63 S 17.358400 12.011720 31.494140 9.350586 14.013670 9.326172 37.841800 26.440430 260.000000 2000.000000 E
S 64 S 15.991210 10.668950 29.199220 8.959961 14.257810 7.983398 36.352540 28.002930 260.000000 2000.000000 E
S 65 S 14.282230 8.740234 26.196290 8.764648 14.990230 6.250000 34.179690 30.297850 260.000000 2000.000000 E
S 66 S 13.354490 7.714844 24.560550 8.642578 15.185550 5.419922 32.739260 31.787110 260.000000 2000.000000 E
S 67 S 12.792970 6.787109 23.266600 8.593750 15.600590 4.711914 31.152340 33.374020 260.000000 2000.000000 E
S 68 S 11.962890 5.883789 21.850590 8.374023 16.040040 4.614258 29.858400 34.814450 260.000000 2000.000000 E
S 69 S 11.718750 5.297852 21.093750 8.471680 16.357420 4.370117 28.442380 36.499020 260.000000 2000.000000 E
S 70 S 10.766600 4.443359 19.726560 8.520508 17.260740 4.833984 26.245120 39.086910 260.000000 2000.000000 E
S 71 S 10.375980 3.833008 18.750000 8.544922 17.797850 5.517578 24.951170 40.820310 260.000000 2000.000000 E
S 72 S 10.400390 3.466797 18.481450 8.911133 18.481450 6.445313 23.803710 42.504880 260.000000 2000.000000 E
S 73 S 10.205080 3.295898 17.968750 9.082031 19.384770 7.666016 22.705080 44.311520 260.000000 2000.000000 E
S 74 S 44.946290 4.663086 59.008790 48.437500 58.886720 66.650390 3.613281 60.278320 60.473940 2000.000000 E
S 75 S 45.727540 5.761719 61.840820 50.268550 61.865230 70.166020 4.663086 61.865230 60.473940 2000.000000 E
S 76 S 45.385740 5.688477 61.401370 50.292970 61.401370 68.237300 4.565430 60.375980 -1.358883 2000.000000 E
S 77 S 46.044920 4.809570 59.521480 48.950200 58.593750 65.722660 4.150391 59.228520 -1.358883 2000.000000 E
S 78 S 44.799800 3.466797 55.102540 46.704100 55.102540 61.254880 3.320313 56.640630 -25.724540 2000.000000 E
S 79 S 44.409180 2.050781 51.806640 44.287110 51.489260 57.543950 2.490234 54.736330 54.761300 2000.000000 E
S 80 S 43.798830 2.001953 50.463870 43.701170 50.512700 56.298830 2.221680 54.248050 30.602190 2000.000000 E
S 81 S 43.359380 1.416016 48.901370 43.164060 49.951170 55.273440 1.904297 53.881840 30.602190 2000.000000 E
S 82 S 43.359380 1.123047 48.681640 43.603520 50.195310 55.249020 1.635742 53.637700 -0.181876 2000.000000 E
S 83 S 44.848630 1.147461 50.195310 44.360350 50.634770 55.468750 1.879883 53.540040 -0.181876 2000.000000 E
S 84 S 44.213870 0.927734 47.973630 43.823240 49.414060 53.686520 1.611328 52.197270 0.855870 2000.000000 E
S 85 S 44.213870 0.903320 46.752930 43.481450 48.217770 52.612300 1.538086 51.342770 -39.250310 2000.000000 E
S 86 S 44.213870 0.854492 45.385740 42.724610 47.045900 51.220700 1.342773 50.244140 16.937050 2000.000000 E
S 87 S 43.627930 0.805664 43.969730 42.187500 46.508790 50.537110 1.196289 50.122070 16.937050 2000.000000 E
S 88 S 43.896480 0.854492 43.334960 42.114260 45.654300 49.462890 1.220703 49.194340 3.806171 2000.000000 E
S 89 S 43.750000 0.732422 42.041020 41.967770 45.239260 49.072270 1.049805 48.852540 -4.282495 2000.000000 E
S 90 S 43.041990 0.927734 40.258790 41.357420 44.873050 47.705080 0.976563 48.608400 -2.302051 2000.000000 E
S 91 S 42.749020 1.025391 38.916020 40.869140 44.067380 46.899410 0.952148 48.022460 3.479348 2000.000000 E
S 92 S 42.138670 0.976563 37.670900 40.161130 43.652340 46.704100 0.756836 47.900390 3.479348 2000.000000 E
S 93 S 42.578130 0.952148 38.940430 40.234380 44.067380 47.460940 0.927734 48.681640 36.631350 2000.000000 E
S 94 S 41.674800 1.074219 38.818360 39.892580 44.018550 47.656250 0.976563 48.730470 24.422350 2000.000000 E
S 95 S 41.235350 1.098633 37.963870 39.819340 43.847660 47.558590 0.781250 48.852540 24.422350 2000.000000 E
S 96 S 41.479490 1.098633 38.305660 39.819340 44.091800 47.900390 0.878906 49.194340 6.124859 2000.000000 E
S 97 S 41.088870 0.854492 38.232420 39.501950 44.335940 48.120120 0.927734 49.658200 44.419690 2000.000000 E
S 98 S 40.234380 1.049805 36.914060 39.282230 44.262700 48.144530 0.756836 49.853520 23.533300 2000.000000 E
S 99 S 40.136720 1.147461 37.060550 39.233400 44.384770 47.827150 0.878906 50.024410 23.533300 2000.000000 E
S 100 S 39.916990 1.123047 36.621090 39.306640 44.165040 47.900390 0.781250 49.829100 33.898860 2000.000000 E
S 101 S 40.258790 0.854492 36.914060 39.038090 44.116210 48.291020 0.732422 50.024410 33.898860 2000.000000 E
S 102 S 39.697270 1.074219 36.865230 39.184570 44.384770 48.388670 0.952148 50.292970 12.215940 2000.000000 E
S 103 S 39.794920 0.927734 36.938480 39.257810 44.604490 48.974610 0.854492 50.634770 24.486150 2000.000000 E
S 104 S 39.453130 1.196289 36.694340 39.306640 44.604490 48.657230 0.952148 50.781250 25.225730 2000.000000 E
S 105 S 39.306640 1.245117 35.986330 39.282230 44.482420 48.754880 0.903320 50.634770 25.225730 2000.000000 E
S 106 S 39.648440 1.269531 36.254880 39.379880 44.433590 48.901370 0.903320 50.683590 26.129380 2000.000000 E
S 107 S 39.648440 1.318359 36.206050 39.404300 44.555660 49.389650 1.098633 50.878910 260.000000 2000.000000 E
S 108 S 39.697270 1.220703 36.303710 39.208980 44.628910 49.682620 1.098633 51.123050 260.000000 2000.000000 E
S 109 S 39.379880 1.416016 36.083980 39.355470 44.506840 49.414060 1.098633 51.123050 260.000000 2000.000000 E
S 110 S 39.404300 1.269531 35.644530 38.940430 44.409180 49.584960 1.049805 51.147460 260.000000 2000.000000 E
S 111 S 39.233400 1.293945 35.693360 39.184570 44.384770 49.536130 1.123047 51.049800 260.000000 2000.000000 E
S 112 S 64.306640 6.689453 46.630860 46.313480 33.593750 39.892580 3.808594 32.836910 260.000000 2000.000000 E
S 113 S 70.336910 18.994140 22.558590 20.874020 7.617188 15.869140 4.101563 9.082031 260.000000 2000.000000 E
S 114 S 62.548830 17.993160 18.676760 17.407230 5.981445 13.378910 4.003906 7.421875 260.000000 2000.000000 E
S 115 S 54.150390 16.796880 14.233400 13.867190 4.321289 11.523440 3.540039 6.030273 260.000000 2000.000000 E
S 116 S 39.746090 14.233400 8.935547 9.130859 2.636719 8.251953 2.978516 4.101563 260.000000 2000.000000 E
S 117 S 31.152340 12.158200 6.298828 6.640625 1.733398 6.811523 2.685547 2.978516 260.000000 2000.000000 E
S 118 S 22.534180 10.278320 4.101563 4.565430 1.074219 5.224609 2.368164 2.172852 260.000000 2000.000000 E
S 119 S 16.821290 8.105469 2.954102 3.051758 0.854492 4.028320 1.977539 1.611328 260.000000 2000.000000 E
S 120 S 10.815430 6.396484 2.001953 1.928711 0.683594 2.954102 1.684570 1.245117 260.000000 2000.000000 E
S 121 S 5.322266 4.028320 1.342773 1.098633 0.561523 1.806641 1.367188 0.732422 260.000000 2000.000000 E
S 122 S 3.369141 2.807617 1.000977 0.659180 0.488281 1.318359 1.098633 0.634766 260.000000 2000.000000 E
S 123 S 2.075195 2.099609 0.952148 0.537109 0.366211 1.000977 1.074219 0.488281 260.000000 2000.000000 E
S 124 S 1.318359 1.538086 0.952148 0.561523 0.463867 0.732422 1.000977 0.585938 260.000000 2000.000000 E
S 125 S 0.976563 1.025391 0.903320 0.390625 0.585938 0.659180 0.732422 0.463867 260.000000 2000.000000 E
S 126 S 0.659180 0.610352 0.830078 0.390625 0.756836 0.439453 0.708008 0.561523 260.000000 2000.000000 E
S 127 S 0.659180 0.390625 0.756836 0.317383 0.659180 0.366211 0.585938 0.585938 260.000000 2000.000000 E
S 128 S 0.610352 0.244141 0.659180 0.366211 0.634766 0.390625 0.561523 0.512695 260.000000 2000.000000 E
S 129 S 0.610352 0.268555 0.683594 0.317383 0.756836 0.463867 0.439453 0.683594 260.000000 2000.000000 E
S 130 S 0.610352 0.219727 0.634766 0.366211 0.781250 0.463867 0.488281 0.610352 260.000000 2000.000000 E
S 131 S 0.463867 0.219727 0.610352 0.512695 0.805664 0.634766 0.366211 0.683594 260.000000 2000.000000 E
S 132 S 0.634766 0.170898 0.610352 0.463867 0.878906 0.610352 0.268555 0.756836 -233.202700 2000.000000 E
S 133 S 0.708008 0.366211 0.585938 0.561523 0.976563 0.756836 0.488281 1.000977 -233.202700 2000.000000 E
S 134 S 0.805664 0.366211 0.732422 0.488281 1.025391 0.805664 0.341797 0.903320 138.642800 2000.000000 E
S 135 S 0.561523 0.366211 0.610352 0.537109 0.976563 0.781250 0.463867 0.952148 138.642800 2000.000000 E
S 136 S 0.683594 0.268555 0.561523 0.488281 0.952148 0.976563 0.537109 1.000977 132.740600 2000.000000 E
S 137 S 0.708008 0.390625 0.610352 0.537109 0.952148 0.927734 0.439453 0.952148 63.963590 2000.000000 E
S 138 S 0.585938 0.390625 0.781250 0.610352 0.927734 0.976563 0.439453 1.098633 196.579300 2000.000000 E
S 139 S 0.732422 0.537109 0.659180 0.634766 1.049805 1.245117 0.439453 1.074219 196.579300 2000.000000 E
S 140 S 0.927734 0.585938 0.903320 0.634766 1.123047 1.318359 0.585938 1.220703 -25.718710 2000.000000 E
S 141 S 0.659180 0.561523 0.708008 0.488281 0.927734 1.342773 0.512695 1.049805 134.970000 2000.000000 E
S 142 S 0.781250 0.756836 0.903320 0.585938 0.976563 1.464844 0.634766 1.171875 134.970000 2000.000000 E
S 143 S 0.756836 0.805664 0.952148 0.683594 1.074219 1.538086 0.683594 1.196289 141.625400 2000.000000 E
S 144 S 0.732422 0.805664 0.878906 0.585938 0.976563 1.611328 0.732422 1.196289 38.800090 2000.000000 E
S 145 S 0.634766 0.854492 0.781250 0.512695 0.854492 1.733398 0.561523 1.098633 38.800090 2000.000000 E
S 146 S 0.659180 0.781250 0.781250 0.439453 0.878906 1.782227 0.537109 1.147461 63.113720 2000.000000 E
S 147 S 0.610352 0.756836 0.805664 0.439453 0.854492 1.806641 0.708008 1.025391 155.582900 2000.000000 E
S 148 S 0.781250 1.098633 0.927734 0.659180 0.903320 2.075195 0.805664 1.196289 29.029610 2000.000000 E
S 149 S 0.683594 1.049805 0.878906 0.610352 0.952148 2.075195 0.708008 1.196289 29.029610 2000.000000 E
S 150 S 0.708008 1.171875 0.976563 0.659180 0.976563 2.099609 0.878906 1.245117 195.852600 2000.000000 E
S 151 S 0.683594 1.733398 1.171875 0.634766 0.830078 3.222656 1.464844 1.367188 114.327200 2000.000000 E
S 152 S 0.585938 2.587891 2.148438 0.610352 0.830078 3.735352 2.319336 1.318359 175.310300 2000.000000 E
S 153 S 0.537109 2.636719 2.368164 0.463867 0.561523 3.833008 2.392578 1.123047 175.310300 2000.000000 E
S 154 S 0.585938 2.783203 2.563477 0.463867 0.634766 4.150391 2.612305 1.171875 236.055100 2000.000000 E
S 155 S 0.610352 2.880859 2.465820 0.634766 0.805664 3.857422 2.539063 1.245117 66.623900 2000.000000 E
S 156 S 0.585938 3.002930 2.539063 0.634766 0.781250 3.784180 2.709961 1.171875 66.623900 2000.000000 E
S 157 S 0.537109 3.002930 2.563477 0.561523 0.708008 3.637695 2.685547 1.171875 85.264300 2000.000000 E
S 158 S 0.610352 3.100586 2.856445 0.561523 0.634766 3.540039 2.612305 1.025391 196.818400 2000.000000 E
S 159 S 0.634766 2.978516 2.685547 0.634766 0.732422 3.442383 2.709961 1.074219 196.818400 2000.000000 E
S 160 S 0.537109 3.002930 2.636719 0.659180 0.708008 3.100586 2.783203 0.927734 224.623700 2000.000000 E
S 161 S 0.634766 2.856445 2.661133 0.537109 0.537109 3.002930 2.783203 0.976563 205.791500 2000.000000 E
S 162 S 0.439453 2.661133 2.709961 0.463867 0.537109 2.709961 2.661133 0.781250 205.791500 2000.000000 E
S 163 S 0.512695 2.587891 2.343750 0.415039 0.268555 2.465820 2.392578 0.537109 201.192200 2000.000000 E
S 164 S 0.366211 2.490234 2.319336 0.415039 0.390625 2.294922 2.612305 0.585938 206.324600 2000.000000 E
S 165 S 0.415039 2.148438 2.197266 0.366211 0.366211 2.026367 2.294922 0.561523 -17.143750 2000.000000 E
S 166 S 0.463867 2.124023 2.221680 0.512695 0.463867 2.001953 2.270508 0.830078 -17.143750 2000.000000 E
S 167 S 0.585938 1.977539 2.124023 0.634766 0.512695 1.733398 2.246094 0.756836 -41.591170 2000.000000 E
S 168 S 0.634766 1.977539 1.928711 0.439453 0.415039 1.684570 2.172852 0.683594 -41.591170 2000.000000 E
S 169 S 0.439453 1.684570 1.953125 0.439453 0.537109 1.538086 2.001953 0.634766 -155.442000 2000.000000 E
S 170 S 0.463867 1.318359 1.708984 0.415039 0.537109 1.220703 1.879883 0.634766 -107.558200 2000.000000 E
S 171 S 0.439453 1.171875 1.684570 0.415039 0.463867 1.098633 1.855469 0.610352 -102.101900 2000.000000 E
S 172 S 0.439453 1.025391 1.440430 0.366211 0.439453 0.952148 1.635742 0.610352 -252.000000 2000.000000 E
S 173 S 0.512695 0.830078 1.220703 0.390625 0.585938 0.854492 1.538086 0.561523 -236.814900 2000.000000 E
S 174 S 0.463867 0.708008 1.147461 0.439453 0.488281 0.683594 1.489258 0.634766 -236.814900 2000.000000 E
S 175 S 0.683594 0.488281 1.000977 0.317383 0.390625 0.683594 1.342773 0.585938 -260.000000 2000.000000 E
S 176 S 0.561523 0.561523 1.000977 0.512695 0.488281 0.463867 1.196289 0.512695 -260.000000 2000.000000 E
S 177 S 0.903320 0.268555 0.708008 0.390625 0.219727 0.610352 1.025391 0.390625 -260.000000 2000.000000 E
S 178 S 0.976563 0.170898 0.976563 0.366211 0.390625 0.561523 1.025391 0.708008 -260.000000 2000.000000 E
S 179 S 1.318359 0.170898 0.854492 0.366211 0.268555 0.561523 0.878906 0.537109 -260.000000 2000.000000 E
S 180 S 1.904297 0.244141 1.367188 0.463867 0.341797 0.537109 1.000977 0.610352 -260.000000 2000.000000 E
S 181 S 2.856445 0.268555 2.099609 0.585938 0.463867 0.634766 0.927734 0.659180 -260.000000 2000.000000 E
S 182 S 3.613281 0.366211 2.758789 0.512695 0.415039 0.683594 0.756836 0.634766 -260.000000 2000.000000 E
S 183 S 4.711914 0.537109 4.052734 0.878906 0.463867 0.659180 0.781250 0.634766 -260.000000 2000.000000 E
S 184 S 5.932617 0.756836 5.615234 0.805664 0.415039 0.708008 0.634766 0.488281 -260.000000 2000.000000 E
S 185 S 9.277344 2.197266 10.522460 1.074219 0.415039 0.561523 0.683594 0.805664 -260.000000 2000.000000 E
S 186 S 11.303710 3.466797 13.159180 1.367188 0.561523 0.561523 0.537109 0.903320 -260.000000 2000.000000 E
S 187 S 13.183590 4.956055 16.528320 1.733398 0.732422 0.463867 0.463867 0.952148 -260.000000 2000.000000 E
S 188 S 15.698240 7.031250 20.410160 2.246094 0.854492 0.512695 0.561523 1.123047 -260.000000 2000.000000 E
S 189 S 37.426760 54.296880 79.711910 8.251953 5.883789 21.069340 34.228520 8.789063 243.750900 2000.000000 E
S 190 S 20.239260 36.596680 46.093750 3.857422 5.493164 25.341800 45.043950 6.152344 260.000000 2000.000000 E
S 191 S 17.846680 31.567380 40.307620 3.686523 5.566406 21.704100 40.966800 6.079102 260.000000 2000.000000 E
S 192 S 16.503910 26.977540 35.522460 3.491211 5.639648 18.505860 37.329100 6.225586 232.016500 2000.000000 E
S 193 S 14.770510 22.680660 31.225590 3.271484 5.810547 15.209960 33.349610 6.494141 260.000000 2000.000000 E
S 194 S 13.525390 17.211910 25.952150 3.295898 5.834961 11.181640 27.929690 7.177734 199.162500 2000.000000 E
S 195 S 12.036130 14.062500 22.265630 3.222656 5.932617 8.813477 24.658200 7.275391 199.162500 2000.000000 E
S 196 S 10.864260 10.961910 19.018550 3.076172 6.176758 6.323242 21.484380 8.105469 156.000000 2000.000000 E
S 197 S 10.302730 8.886719 16.650390 3.027344 6.030273 4.736328 18.969730 8.227539 156.000000 2000.000000 E
S 198 S 8.911133 7.080078 14.233400 3.076172 6.152344 3.637695 16.870120 8.911133 217.037800 2000.000000 E
S 199 S 8.007813 4.809570 11.401370 2.783203 6.176758 2.514648 13.403320 9.570313 245.890400 2000.000000 E
S 200 S 7.714844 3.784180 10.375980 2.880859 6.250000 1.928711 11.816410 10.229490 208.700100 2000.000000 E
S 201 S 6.713867 2.636719 8.569336 2.709961 6.152344 1.562500 9.863281 10.839840 208.700100 2000.000000 E
S 202 S 6.835938 1.904297 7.861328 2.783203 6.469727 1.391602 8.251953 11.743160 195.891200 2000.000000 E
S 203 S 5.859375 1.269531 6.103516 2.612305 6.469727 1.831055 6.152344 12.670900 236.834400 2000.000000 E
S 204 S 6.005859 1.098633 6.152344 2.783203 6.835938 2.783203 5.444336 13.745120 236.834400 2000.000000 E
S 205 S 5.517578 0.781250 5.346680 2.685547 7.031250 3.173828 4.443359 14.379880 218.721400 2000.000000 E
S 206 S 5.322266 0.634766 4.492188 2.661133 7.128906 3.881836 3.295898 15.576170 219.839000 2000.000000 E
S 207 S 5.224609 0.415039 4.248047 2.783203 7.324219 5.004883 2.392578 16.748050 219.839000 2000.000000 E
S 208 S 5.029297 0.488281 3.662109 3.125000 8.154297 7.470703 1.757813 19.335940 260.000000 2000.000000 E
S 209 S 5.371094 0.585938 3.686523 3.417969 8.666992 8.715820 1.464844 20.825200 260.000000 2000.000000 E
S 210 S 5.151367 0.415039 3.466797 3.466797 9.082031 10.571290 1.074219 22.656250 260.000000 2000.000000 E
S 211 S 5.639648 0.292969 3.735352 3.662109 9.692383 12.304690 0.756836 24.707030 260.000000 2000.000000 E
S 212 S 5.541992 0.244141 3.222656 3.881836 10.253910 14.184570 0.585938 26.660160 260.000000 2000.000000 E
S 213 S 6.103516 0.439453 3.247070 4.956055 12.622070 21.215820 0.854492 33.325200 260.000000 2000.000000 E
S 214 S 6.225586 0.537109 3.320313 5.322266 13.574220 24.096680 1.171875 36.035160 260.000000 2000.000000 E
S 215 S 7.128906 0.683594 3.515625 6.127930 15.112300 27.929690 1.708984 39.770510 260.000000 2000.000000 E
S 216 S 7.690430 0.683594 3.710938 6.787109 16.455080 31.542970 2.905273 42.968750 260.000000 2000.000000 E
S 217 S 8.325195 1.025391 3.735352 7.714844 18.115230 36.230470 4.785156 46.655270 221.186000 2000.000000 E
S 218 S 10.864260 1.806641 4.052734 10.327150 22.558590 48.022460 10.498050 54.785160 156.000000 2000.000000 E
S 219 S 11.767580 2.441406 4.150391 11.889650 24.804690 53.906250 13.647460 58.081050 145.930500 2000.000000 E
S 220 S 13.671880 3.393555 4.443359 13.623050 27.050780 59.643550 16.918950 60.766600 145.930500 2000.000000 E
S 221 S 14.819340 4.516602 4.516602 15.161130 29.418950 65.332030 20.190430 62.841800 47.934670 2000.000000 E
S 222 S 19.555660 8.251953 5.029297 19.970700 33.691410 75.439450 26.831050 63.964840 -37.542800 2000.000000 E
S 223 S 22.607420 10.864260 5.322266 22.534180 35.058590 78.051760 29.223630 62.548830 -160.633100 2000.000000 E
S 224 S 25.610350 14.477540 5.322266 25.122070 36.010740 79.956050 31.152340 60.156250 -160.633100 2000.000000 E
S 225 S 28.906250 17.773440 5.810547 27.392580 36.181640 79.272460 31.689450 56.982420 -226.388100 2000.000000 E
S 226 S 32.519530 21.875000 5.981445 29.345700 35.400390 77.197270 31.469730 53.100590 -260.000000 2000.000000 E
S 227 S 60.791020 34.497070 13.354490 31.884770 20.141600 37.280270 11.865230 22.778320 -260.000000 2000.000000 E
S 228 S 72.875980 21.948240 29.614260 36.987300 21.313480 29.541020 4.931641 19.946290 -260.000000 2000.000000 E
S 229 S 72.167970 20.263670 31.347660 38.012700 22.021480 29.760740 4.565430 20.483400 -260.000000 2000.000000 E
S 230 S 73.217770 18.725590 33.593750 38.989260 23.193360 30.200200 4.174805 21.093750 -260.000000 2000.000000 E
S 231 S 71.704100 17.309570 34.838870 40.014650 24.291990 30.517580 3.735352 21.630860 -260.000000 2000.000000 E
S 232 S 69.946290 14.648440 37.475590 41.699220 26.391600 31.372070 3.344727 23.217770 -195.172300 2000.000000 E
S 233 S 68.041990 13.232420 38.159180 42.529300 27.954100 32.495120 2.905273 24.487300 -156.000000 2000.000000 E
S 234 S 67.504880 12.036130 39.355470 43.750000 29.443360 33.447270 2.807617 25.341800 -200.596400 2000.000000 E
S 235 S 64.721680 10.400390 39.453130 43.994140 31.152340 35.180660 2.636719 27.172850 -200.596400 2000.000000 E
S 236 S 59.985350 9.008789 38.745120 44.433590 34.277340 37.622070 2.490234 30.175780 -206.646200 2000.000000 E
S 237 S 57.202150 8.081055 37.500000 43.847660 35.864260 39.184570 2.368164 32.055660 -156.000000 2000.000000 E
S 238 S 53.588870 7.373047 35.131840 42.822270 37.280270 40.917970 2.050781 34.106450 -156.000000 2000.000000 E
S 239 S 50.292970 7.226563 32.861330 42.016600 38.769530 42.700200 1.879883 36.376950 -130.666500 2000.000000 E
S 240 S 47.900390 6.958008 31.225590 40.942380 40.356450 44.946290 1.904297 38.940430 -109.000300 2000.000000 E
S 241 S 42.993160 7.153320 26.464840 38.671880 41.699220 48.046880 1.806641 42.602540 -170.466100 2000.000000 E
S 242 S 41.674800 7.202148 24.707030 37.207030 42.309570 49.707030 1.855469 44.628910 -170.466100 2000.000000 E
S 243 S 38.842770 7.812500 21.582030 35.791020 42.651370 51.733400 2.270508 46.801760 -171.218300 2000.000000 E
S 244 S 37.573240 8.520508 19.140630 34.570310 42.529300 53.613280 2.563477 48.510740 -171.218300 2000.000000 E
S 245 S 35.498050 10.229490 15.698240 32.836910 42.016600 56.884770 3.808594 50.976560 -199.728900 2000.000000 E
S 246 S 34.277340 11.474610 13.769530 31.933590 41.699220 58.789060 5.102539 51.928710 -220.255300 2000.000000 E
S 247 S 33.740230 12.744140 11.938480 31.347660 40.991210 60.498050 6.616211 52.294920 -247.751200 2000.000000 E
S 248 S 33.862300 13.867190 10.815430 30.908200 39.965820 61.938480 8.398438 52.050780 -247.751200 2000.000000 E
S 249 S 33.325200 14.794920 9.570313 30.200200 39.038090 63.232420 10.229490 51.806640 -251.338000 2000.000000 E
S 250 S 33.691410 16.381840 8.789063 30.102540 37.866210 64.770510 12.939450 51.220700 -259.293200 2000.000000 E
S 251 S 33.618160 17.114260 9.033203 30.297850 37.792970 65.429690 14.526370 50.976560 -259.293200 2000.000000 E
S 252 S 34.033200 17.333980 8.984375 30.786130 37.451170 66.186520 15.917970 50.537110 -230.445700 2000.000000 E
S 253 S 35.351560 17.285160 9.326172 31.250000 37.402340 66.650390 16.821290 49.902340 -242.081700 2000.000000 E
S 254 S 36.523440 16.625980 11.230470 32.592770 37.866210 66.528320 17.968750 49.145510 -182.325600 2000.000000 E
S 255 S 36.132810 16.186520 11.694340 32.763670 38.110350 66.137700 17.846680 49.194340 -121.280900 2000.000000 E
S 256 S 36.230470 15.380860 12.255860 32.910160 38.403320 66.186520 17.529300 49.365230 -121.280900 2000.000000 E
S 257 S 36.059570 14.624020 13.330080 33.349610 38.940430 65.820310 17.114260 49.633790 -82.265500 2000.000000 E
S 258 S 36.181640 13.012700 14.721680 33.837890 40.063480 66.284180 16.284180 50.610350 -68.994380 2000.000000 E
S 259 S 36.230470 11.230470 16.503910 34.106450 41.040040 66.137700 15.307620 51.611330 -38.685530 2000.000000 E
S 260 S 35.620120 10.327150 16.796880 33.959960 41.333010 65.869140 14.550780 52.246090 -38.685530 2000.000000 E
S 261 S 36.157230 9.643555 18.432620 34.277340 41.845700 65.649410 13.964840 52.612300 -7.271282 2000.000000 E
S 262 S 35.473630 9.252930 18.139650 34.228520 42.065430 65.185550 13.085940 52.978520 17.502000 2000.000000 E
S 263 S 47.607420 9.912109 27.416990 40.893550 40.063480 54.711910 8.642578 42.333980 -143.330500 2000.000000 E
S 264 S 48.535160 6.616211 32.495120 42.333980 42.065430 52.124020 5.151367 43.090820 -23.364200 2000.000000 E
S 265 S 47.265630 5.932617 32.177730 41.430660 42.553710 52.319340 4.809570 44.287110 19.156480 2000.000000 E
S 266 S 46.191410 5.761719 32.080080 41.284180 43.164060 52.636720 4.321289 45.166020 28.494620 2000.000000 E
S 267 S 45.776370 5.004883 32.226560 40.795900 43.701170 52.954100 4.003906 46.166990 28.494620 2000.000000 E
S 268 S 45.751950 4.467773 32.714840 40.917970 44.384770 53.955080 3.759766 47.119140 14.356550 2000.000000 E
S 269 S 45.141600 4.663086 32.641600 40.893550 44.506840 53.222660 3.491211 47.045900 1.029693 2000.000000 E
S 270 S 45.458980 4.687500 32.250980 40.576170 44.165040 52.880860 3.295898 46.826170 -20.455710 2000.000000 E
S 271 S 45.385740 4.931641 31.250000 40.478520 43.505860 52.416990 3.417969 46.093750 -20.455710 2000.000000 E
S 272 S 45.507810 5.493164 31.201170 40.722660 43.383790 51.708980 3.222656 45.288090 -51.354390 2000.000000 E
S 273 S 46.215820 6.079102 31.030270 41.088870 42.944340 51.196290 3.271484 44.213870 -102.698600 2000.000000 E
S 274 S 46.533200 6.665039 30.224610 41.381840 42.749020 51.538090 3.466797 43.701170 -154.964100 2000.000000 E
S 275 S 47.192380 6.958008 30.419920 41.528320 42.651370 51.074220 3.588867 42.895510 -154.964100 2000.000000 E
S 276 S 47.167970 7.495117 29.663090 41.357420 42.260740 51.123050 3.710938 42.480470 -198.429900 2000.000000 E
S 277 S 46.313480 8.959961 27.441410 40.698240 41.552730 50.805660 3.857422 41.748050 -214.082100 2000.000000 E
S 278 S 44.995120 9.521484 25.341800 40.112300 41.333010 50.976560 3.930664 41.577150 -214.082100 2000.000000 E
S 279 S 44.067380 10.400390 23.876950 39.501950 41.406250 51.318360 4.052734 41.870120 -230.646800 2000.000000 E
S 280 S 42.968750 11.035160 21.557620 38.696290 41.284180 52.246090 4.272461 42.260740 -249.490400 2000.000000 E
S 281 S 41.943360 11.669920 19.946290 37.988280 41.625980 53.393550 4.541016 43.164060 -249.490400 2000.000000 E
S 282 S 39.355470 13.378910 16.552730 36.523440 42.089840 55.810550 5.346680 45.483400 -260.000000 2000.000000 E
S 283 S 38.427730 14.477540 14.697270 35.424800 41.943360 57.006840 5.883789 46.655270 -260.000000 2000.000000 E
S 284 S 37.158200 15.380860 12.597660 34.057620 41.650390 58.398440 6.298828 48.217770 -260.000000 2000.000000 E
S 285 S 35.668950 16.357420 10.595700 32.690430 41.064450 59.765630 6.933594 49.438480 -240.295000 2000.000000 E
S 286 S 34.277340 17.822270 8.032227 30.908200 40.185550 62.744140 8.642578 51.684570 -205.424600 2000.000000 E
S 287 S 33.666990 18.823240 7.250977 30.297850 39.697270 65.185550 10.424800 53.417970 -218.602800 2000.000000 E
S 288 S 34.155270 19.409180 6.542969 30.004880 39.306640 67.089840 12.231450 54.101560 -218.602800 2000.000000 E
S 289 S 34.130860 19.946290 6.518555 29.882810 38.769530 68.847660 14.428710 54.809570 -260.000000 2000.000000 E
S 290 S 34.570310 20.556640 6.469727 30.004880 38.452150 70.361330 16.674800 55.053710 -260.000000 2000.000000 E
S 291 S 34.814450 20.654300 6.494141 29.858400 37.573240 71.826170 19.482420 54.833980 -213.680200 2000.000000 E
S 292 S 35.595700 20.556640 7.006836 30.297850 37.548830 72.583010 20.849610 54.907230 -133.735400 2000.000000 E
S 293 S 35.620120 20.239260 7.153320 30.737300 37.841800 73.364260 21.997070 55.029300 -105.198200 2000.000000 E
S 294 S 37.109380 20.092770 8.203125 31.640630 38.256840 73.974610 22.900390 55.004880 -105.198200 2000.000000 E
S 295 S 39.208980 18.164060 11.572270 33.691410 39.868160 74.438480 23.413090 55.004880 -145.850300 2000.000000 E
S 296 S 39.477540 17.163090 12.060550 34.155270 40.234380 73.876950 22.558590 54.980470 -100.158500 2000.000000 E
S 297 S 40.087890 16.723630 13.354490 34.838870 40.527340 73.095700 21.801760 54.858400 -100.158500 2000.000000 E
S 298 S 40.405270 15.747070 14.746090 35.131840 41.186520 72.802730 21.044920 55.297850 -56.621220 2000.000000 E
S 299 S 40.600590 15.307620 15.478520 36.035160 41.821290 71.923830 20.019530 55.322270 -56.621220 2000.000000 E
S 300 S 52.099610 12.597660 27.954100 42.944340 41.845700 58.789060 10.375980 46.679690 -127.610400 2000.000000 E
S 301 S 56.250000 10.107420 34.765630 45.092770 41.088870 51.757810 5.737305 42.846680 -90.066630 2000.000000 E
S 302 S 55.810550 9.228516 35.229490 45.068360 41.650390 51.391600 5.371094 43.188480 -103.171000 2000.000000 E
S 303 S 55.932620 8.764648 35.766600 45.312500 41.992190 51.538090 4.956055 43.432620 -103.171000 2000.000000 E
S 304 S 54.785160 8.300781 35.473630 45.117190 42.285160 51.538090 4.467773 43.676760 -120.263100 2000.000000 E
S 305 S 54.467770 8.178711 35.668950 45.019530 42.675780 51.269530 4.394531 44.018550 -126.385300 2000.000000 E
S 306 S 53.076170 8.349609 34.228520 44.458010 42.724610 50.952150 3.906250 44.018550 -126.385300 2000.000000 E
S 307 S 51.611330 8.374023 32.836910 43.896480 42.871090 50.927730 3.613281 44.287110 -131.136600 2000.000000 E
S 308 S 51.098630 8.349609 32.373050 43.603520 43.164060 51.147460 3.564453 44.824220 -151.346300 2000.000000 E
S 309 S 49.023440 8.544922 30.419920 42.431640 43.798830 52.099610 3.417969 45.751950 -206.250100 2000.000000 E
S 310 S 48.291020 8.593750 29.638670 42.333980 44.116210 52.514650 3.393555 46.215820 -206.250100 2000.000000 E
S 311 S 46.069340 9.375000 26.782230 41.333010 44.067380 53.076170 3.417969 46.533200 -228.011900 2000.000000 E
S 312 S 45.581050 9.985352 25.488280 40.380860 44.042970 53.662110 3.466797 47.192380 -228.011900 2000.000000 E
S 313 S 42.968750 10.986330 21.875000 38.940430 43.750000 54.492190 3.515625 47.802730 -235.869900 2000.000000 E
S 314 S 40.258790 12.670900 18.115230 37.084960 43.701170 55.615230 3.662109 48.876950 -247.312300 2000.000000 E
S 315 S 38.793950 13.842770 15.161130 35.839840 43.286130 57.177730 4.150391 49.780270 -259.516400 2000.000000 E
S 316 S 37.768550 14.721680 13.623050 34.716800 43.334960 58.715820 4.760742 51.049800 -259.516400 2000.000000 E
S 317 S 36.889650 15.917970 11.791990 33.837890 42.822270 60.131840 5.688477 51.855470 -260.000000 2000.000000 E
S 318 S 35.766600 17.944340 9.179688 31.909180 41.601560 62.792970 7.495117 53.295900 -260.000000 2000.000000 E
S 319 S 35.131840 19.677730 7.958984 31.225590 40.673830 64.160160 9.252930 53.735350 -260.000000 2000.000000 E
S 320 S 34.619140 20.996090 6.982422 30.419920 39.648440 65.795900 10.986330 53.955080 -260.000000 2000.000000 E
S 321 S 34.667970 21.850590 6.616211 29.907230 38.623050 67.114260 13.330080 53.955080 -223.455700 2000.000000 E
S 322 S 34.838870 22.485350 6.030273 29.882810 37.866210 68.505860 15.673830 53.735350 -241.435500 2000.000000 E
S 323 S 36.181640 22.680660 6.567383 30.444340 37.353520 70.068360 18.774410 52.880860 -260.000000 2000.000000 E
S 324 S 38.037110 23.022460 7.299805 31.225590 37.255860 70.507810 20.214840 52.148440 -260.000000 2000.000000 E
S 325 S 37.670900 22.802730 7.470703 31.567380 37.255860 71.093750 20.971680 51.757810 -160.308300 2000.000000 E
S 326 S 38.891600 22.436520 7.788086 32.080080 37.426760 70.898440 21.557620 51.367190 -128.847700 2000.000000 E
S 327 S 39.794920 21.508790 8.837891 33.129880 38.012700 70.898440 21.850590 51.049800 -106.896700 2000.000000 E
S 328 S 40.161130 20.581050 9.716797 33.764650 38.598630 71.044920 21.752930 50.903320 -106.896700 2000.000000 E
S 329 S 41.625980 19.458010 11.376950 34.741210 39.038090 70.776370 21.289060 50.878910 -103.227000 2000.000000 E
S 330 S 41.333010 18.286130 12.304690 35.351560 39.819340 70.800780 20.898440 51.171880 -103.227000 2000.000000 E
S 331 S 43.286130 17.211910 14.404300 36.279300 40.429690 70.483400 20.239260 51.342770 -68.564130 2000.000000 E
S 332 S 44.189450 15.258790 16.967770 37.475590 41.796880 70.068360 18.676760 52.270510 -23.845060 2000.000000 E
S 333 S 43.652340 14.672850 17.187500 37.695310 42.138670 69.750980 17.822270 52.319340 2.147421 2000.000000 E
S 334 S 44.775390 14.575200 18.823240 38.793950 42.895510 69.238280 17.480470 52.514650 2.147421 2000.000000 E
S 335 S 46.655270 13.696290 20.751950 39.575200 43.017580 68.798830 16.796880 51.928710 4.060394 2000.000000 E
S 336 S 73.046880 20.703130 33.056640 46.875000 36.206050 55.859380 14.575200 40.454100 14.172830 2000.000000 E
S 337 S 91.528320 27.343750 32.470700 43.994140 32.812500 67.285160 27.172850 46.948240 -55.529540 2000.000000 E
S 338 S 93.603520 28.173830 32.153320 43.750000 32.934570 70.336910 29.541020 48.803710 -97.138590 2000.000000 E
S 339 S 93.383790 29.199220 30.712890 43.554690 33.471680 73.339840 32.128910 50.781250 -97.138590 2000.000000 E
S 340 S 94.116210 30.297850 29.516600 43.286130 33.813480 76.562500 34.667970 52.514650 -151.062600 2000.000000 E
S 341 S 94.409180 32.421880 27.416990 43.383790 34.936520 82.324220 38.720700 55.688480 -187.139400 2000.000000 E
S 342 S 94.360350 33.618160 26.342770 43.579100 35.913090 85.888670 41.430660 57.885740 -209.051700 2000.000000 E
S 343 S 95.336910 34.545900 25.830080 44.213870 36.889650 88.525390 43.212890 59.399410 -209.051700 2000.000000 E
S 344 S 95.800780 35.571290 25.732420 45.239260 38.061520 91.796880 44.580080 61.328130 -223.533100 2000.000000 E
S 345 S 99.902340 37.011720 27.099610 47.509770 40.258790 94.799800 45.703130 63.037110 -243.470400 2000.000000 E
S 346 S 99.975590 37.719730 28.051760 49.340820 41.479490 95.751950 45.288090 63.793950 -243.470400 2000.000000 E
S 347 S 99.975590 38.085940 30.249020 51.196290 42.749020 95.849610 44.628910 64.038090 -260.000000 2000.000000 E
S 348 S 99.975590 38.183590 32.788090 53.198240 44.116210 96.044920 43.408200 64.892580 -260.000000 2000.000000 E
S 349 S 99.975590 37.866210 35.595700 55.468750 45.727540 95.654300 41.845700 65.209960 -260.000000 2000.000000 E
S 350 S 99.975590 36.621090 40.649410 59.326170 48.364260 95.874020 38.842770 66.088870 -260.000000 2000.000000 E
S 351 S 99.975590 35.839840 44.995120 61.987300 50.219730 95.556640 37.402340 66.625980 -260.000000 2000.000000 E
S 352 S 99.975590 34.716800 48.706050 64.770510 52.246090 96.166990 35.986330 67.626950 -260.000000 2000.000000 E
S 353 S 99.975590 33.276370 53.149410 67.602540 54.248050 95.581050 34.130860 68.310550 -249.664700 2000.000000 E
S 354 S 99.975590 30.322270 58.789060 71.411130 57.397460 95.483400 30.468750 70.190430 -217.069500 2000.000000 E
S 355 S 99.975590 28.637700 62.158200 73.754880 59.399410 95.385740 28.344730 71.240230 -135.226600 2000.000000 E
S 356 S 99.975590 26.904300 65.502930 76.367190 62.207030 96.240230 26.757810 73.510740 -135.226600 2000.000000 E
S 357 S 99.975590 25.097660 68.041990 78.515630 65.014650 97.314450 25.366210 75.708010 -114.870900 2000.000000 E
S 358 S 99.975590 23.388670 70.776370 81.225590 68.115230 99.169920 24.340820 78.125000 -114.870900 2000.000000 E
S 359 S 99.975590 20.629880 73.193360 84.350590 73.242190 99.975590 22.216800 82.568360 -129.833200 2000.000000 E
S 360 S 99.975590 19.555660 74.218750 85.400390 75.756840 99.975590 21.069340 83.935550 -148.588800 2000.000000 E
S 361 S 99.975590 18.774410 72.436520 85.693360 78.613280 99.975590 19.848630 87.597660 -83.112410 2000.000000 E
S 362 S 99.975590 18.383790 69.702150 85.180660 80.688480 99.975590 18.310550 90.087890 -83.112410 2000.000000 E
S 363 S 99.975590 18.969730 66.235350 84.790040 84.228520 99.975590 17.138670 94.458010 -50.704960 2000.000000 E
S 364 S 99.804690 19.921880 63.891600 84.667970 86.108400 99.975590 17.065430 96.166990 -70.319580 2000.000000 E
S 365 S 98.461910 20.751950 61.523440 84.326170 87.304690 99.975590 17.211910 98.046880 -70.319580 2000.000000 E
S 366 S 96.313480 22.436520 58.178710 83.618160 87.792970 99.975590 17.626950 99.145510 -76.414930 2000.000000 E
S 367 S 95.776370 24.511720 56.054690 82.861330 87.646480 99.975590 17.993160 99.267580 -84.797900 2000.000000 E
S 368 S 94.433590 29.028320 50.341800 80.834960 85.522460 99.975590 18.310550 98.339840 -80.286710 2000.000000 E
S 369 S 94.067380 31.274410 48.681640 80.468750 84.741210 99.975590 18.554690 97.827150 -76.691250 2000.000000 E
S 370 S 94.238280 33.349610 47.265630 80.249020 84.179690 99.975590 19.042970 97.705080 -76.691250 2000.000000 E
S 371 S 97.558590 35.253910 47.875980 80.468750 82.812500 99.975590 19.653320 95.556640 -83.390040 2000.000000 E
S 372 S 99.975590 34.179690 48.461910 65.356450 63.378910 84.130860 9.277344 77.636720 1.211209 2000.000000 E
S 373 S 81.787110 17.871090 43.945310 49.853520 52.807620 67.138670 3.198242 68.505860 17.759550 2000.000000 E
S 374 S 78.710940 16.308590 43.188480 48.559570 52.197270 65.844730 2.880859 67.822270 17.759550 2000.000000 E
S 375 S 76.123050 14.526370 42.236330 47.094730 51.318360 64.794920 2.539063 66.870120 26.648600 2000.000000 E
S 376 S 39.868160 0.830078 40.844730 36.718750 38.549800 41.113280 0.854492 41.137700 -91.582470 2000.000000 E
S 377 S 40.332030 0.854492 41.381840 37.158200 38.745120 43.237300 1.171875 41.259770 -95.486070 2000.000000 E
S 378 S 40.917970 0.854492 41.406250 37.158200 38.549800 44.238280 1.513672 41.137700 -110.703300 2000.000000 E
S 379 S 40.917970 0.659180 41.845700 37.084960 38.500980 44.921880 1.904297 41.259770 -110.703300 2000.000000 E
S 380 S 40.942380 0.708008 42.089840 36.987300 38.500980 45.605470 2.197266 41.503910 -103.998600 2000.000000 E
S 381 S 40.527340 1.049805 42.114260 36.962890 38.476560 45.507810 2.612305 41.406250 -107.139500 2000.000000 E
S 382 S 40.429690 0.903320 41.748050 36.279300 37.866210 45.727540 3.100586 41.333010 -89.103470 2000.000000 E
