S 0 S 33.666990 3.906250 34.130860 0.000000 44.140630 48.681640 2.685547 59.057620 12.167130 E
S 1 S 33.911130 4.248047 33.886720 0.000000 43.750000 48.437500 2.856445 58.593750 11.603990 E
S 2 S 35.644530 4.150391 35.327150 0.000000 43.505860 47.705080 2.539063 56.542970 8.655585 E
S 3 S 35.864260 4.052734 35.009770 0.000000 43.652340 47.778320 2.368164 56.372070 8.655585 E
S 4 S 36.352540 4.418945 36.010740 0.000000 43.359380 47.119140 2.416992 55.493160 5.212218 E
S 5 S 36.401370 3.906250 34.619140 0.000000 43.334960 47.656250 2.612305 55.957030 4.422405 E
S 6 S 37.011720 3.930664 35.839840 0.000000 43.188480 47.314450 2.294922 55.419920 6.498972 E
S 7 S 36.987300 4.003906 35.302730 0.000000 43.212890 47.558590 2.172852 55.493160 6.498972 E
S 8 S 37.426760 3.906250 36.059570 0.000000 43.237300 47.265630 2.099609 55.078130 6.022177 E
S 9 S 36.938480 3.955078 35.375980 0.000000 43.383790 47.363280 2.343750 55.029300 6.022177 E
S 10 S 37.182620 3.759766 35.644530 0.000000 43.115230 46.972660 2.124023 54.711910 5.157534 E
S 11 S 37.280270 3.710938 35.473630 0.000000 43.212890 46.826170 2.148438 54.321290 5.600500 E
S 12 S 37.646480 3.784180 35.546880 0.000000 43.041990 46.777340 2.172852 54.150390 5.630600 E
S 13 S 37.744140 3.784180 35.522460 0.000000 43.286130 46.826170 2.148438 54.174800 5.630600 E
S 14 S 38.012700 3.808594 35.742190 0.000000 43.041990 46.899410 2.221680 53.979490 3.614505 E
S 15 S 38.305660 4.223633 35.913090 0.000000 42.797850 46.264650 2.197266 53.369140 3.614505 E
S 16 S 38.037110 3.906250 35.424800 0.000000 43.041990 46.728520 2.050781 53.466800 3.015772 E
S 17 S 39.379880 3.906250 36.962890 0.000000 42.309570 45.874020 1.953125 52.880860 5.560150 E
S 18 S 38.940430 3.417969 35.693360 0.000000 42.822270 46.386720 2.148438 52.758790 2.747042 E
S 19 S 39.135740 3.857422 35.668950 0.000000 42.578130 45.996090 1.928711 52.270510 2.747042 E
S 20 S 39.892580 3.564453 36.157230 0.000000 42.236330 45.654300 1.904297 51.879880 -0.709892 E
S 21 S 40.258790 3.955078 36.376950 0.000000 42.016600 45.410160 1.757813 51.318360 -0.709892 E
S 22 S 40.185550 3.515625 35.498050 0.000000 42.187500 45.849610 1.562500 50.903320 -180.000000 E
S 23 S 41.333010 3.247070 36.743160 0.000000 42.065430 45.263670 1.831055 50.415040 -180.000000 E
S 24 S 41.577150 3.271484 36.230470 0.000000 41.601560 44.799800 1.562500 49.951170 -180.000000 E
S 25 S 41.503910 3.027344 35.205080 0.000000 41.357420 44.433590 1.464844 48.999020 -180.000000 E
S 26 S 42.993160 3.344727 35.888670 0.000000 40.600590 43.554690 1.391602 47.851560 -180.000000 E
S 27 S 43.432620 3.637695 35.913090 0.000000 40.454100 43.579100 1.464844 46.704100 -180.000000 E
S 28 S 43.652340 3.881836 35.205080 0.000000 40.161130 43.359380 1.416016 45.825200 -180.000000 E
S 29 S 44.311520 3.002930 35.278320 0.000000 40.087890 42.895510 1.391602 44.995120 -180.000000 E
S 30 S 44.921880 2.416992 35.302730 0.000000 39.453130 42.407230 1.416016 44.091800 -180.000000 E
S 31 S 45.019530 3.637695 34.423830 0.000000 38.964840 41.845700 1.318359 43.530270 -180.000000 E
S 32 S 45.825200 3.930664 35.571290 0.000000 38.281250 41.015630 1.098633 42.431640 -180.000000 E
S 33 S 44.921880 3.027344 34.765630 0.000000 38.427730 41.723630 0.952148 43.017580 -180.000000 E
S 34 S 44.091800 3.393555 33.520510 0.000000 38.842770 42.285160 1.171875 43.310550 -180.000000 E
S 35 S 43.188480 3.173828 32.836910 0.000000 38.745120 42.431640 1.098633 43.701170 -180.000000 E
S 36 S 41.772460 2.954102 31.274410 0.000000 38.867190 42.822270 1.000977 44.262700 -180.000000 E
S 37 S 40.991210 3.027344 30.566410 0.000000 39.086910 43.505860 0.952148 45.410160 -180.000000 E
S 38 S 37.011720 2.734375 27.392580 0.000000 39.599610 45.141600 1.123047 48.046880 -180.000000 E
S 39 S 34.521480 2.612305 25.073240 0.000000 40.551760 46.777340 1.123047 50.512700 -180.000000 E
S 40 S 32.788090 2.856445 23.291020 0.000000 40.380860 47.534180 1.220703 52.075200 -180.000000 E
S 41 S 31.298830 2.636719 20.556640 0.000000 40.527340 48.901370 1.220703 54.492190 -180.000000 E
S 42 S 28.857420 2.929688 17.358400 0.000000 40.405270 50.122070 1.196289 56.274410 -180.000000 E
S 43 S 36.694340 48.095700 10.961910 0.000000 13.134770 36.450200 15.405270 29.199220 -180.000000 E
S 44 S 40.869140 33.251950 2.880859 0.000000 4.858398 11.547850 3.222656 8.178711 -180.000000 E
S 45 S 40.722660 31.323240 2.465820 0.000000 4.199219 10.253910 2.709961 7.250977 -180.000000 E
S 46 S 39.721680 29.565430 2.270508 0.000000 3.686523 8.862305 2.270508 6.250000 -180.000000 E
S 47 S 38.964840 27.490230 1.953125 0.000000 3.247070 7.934570 1.977539 5.688477 -180.000000 E
S 48 S 38.671880 24.438480 1.416016 0.000000 2.734375 6.298828 1.391602 4.614258 -180.000000 E
S 49 S 37.744140 23.217770 1.464844 0.000000 2.441406 5.517578 1.293945 3.857422 -180.000000 E
S 50 S 36.816410 21.899410 1.391602 0.000000 2.343750 4.785156 1.245117 3.247070 -180.000000 E
S 51 S 36.303710 20.458980 1.269531 0.000000 2.075195 4.223633 0.952148 2.832031 -180.000000 E
S 52 S 36.108400 19.238280 1.318359 0.000000 1.928711 3.564453 1.000977 2.441406 -180.000000 E
S 53 S 35.693360 18.041990 1.171875 0.000000 1.660156 3.320313 0.878906 2.221680 -180.000000 E
S 54 S 34.912110 16.381840 1.245117 0.000000 1.586914 2.539063 0.854492 1.782227 -180.000000 E
S 55 S 34.692380 15.429690 1.293945 0.000000 1.342773 2.368164 0.781250 1.660156 -180.000000 E
S 56 S 34.472660 14.501950 1.440430 0.000000 1.318359 2.148438 0.708008 1.464844 -180.000000 E
S 57 S 34.057620 13.916020 1.318359 0.000000 1.098633 1.855469 0.683594 1.367188 -180.000000 E
S 58 S 34.204100 13.110350 1.464844 0.000000 1.049805 1.733398 0.610352 1.196289 -180.000000 E
S 59 S 34.326170 12.084960 1.391602 0.000000 1.025391 1.489258 0.683594 1.123047 -180.000000 E
S 60 S 34.252930 11.425780 1.562500 0.000000 1.074219 1.391602 0.659180 1.000977 -180.000000 E
S 61 S 34.692380 11.108400 1.586914 0.000000 0.927734 1.318359 0.805664 0.976563 -180.000000 E
S 62 S 34.155270 10.668950 1.538086 0.000000 0.976563 1.562500 0.732422 0.952148 -180.000000 E
S 63 S 35.009770 10.327150 1.660156 0.000000 0.878906 1.220703 0.537109 0.952148 -180.000000 E
S 64 S 35.351560 9.619141 1.733398 0.000000 0.854492 1.123047 0.610352 0.976563 -180.000000 E
S 65 S 36.376950 8.935547 2.172852 0.000000 0.854492 1.025391 0.683594 0.805664 -180.000000 E
S 66 S 36.352540 8.374023 2.221680 0.000000 0.756836 1.074219 0.805664 0.805664 -180.000000 E
S 67 S 37.377930 8.593750 2.343750 0.000000 0.976563 1.098633 0.756836 0.830078 -180.000000 E
S 68 S 39.184570 7.836914 2.636719 0.000000 1.074219 1.000977 0.732422 0.952148 -180.000000 E
S 69 S 40.112300 7.519531 2.954102 0.000000 0.854492 0.952148 0.537109 0.805664 -180.000000 E
S 70 S 42.700200 6.689453 3.808594 0.000000 0.781250 1.025391 0.634766 0.878906 -180.000000 E
S 71 S 44.360350 6.323242 4.394531 0.000000 0.878906 0.781250 0.683594 0.854492 -180.000000 E
S 72 S 45.458980 6.274414 4.687500 0.000000 0.854492 0.903320 0.830078 0.830078 -180.000000 E
S 73 S 47.412110 6.201172 5.249023 0.000000 1.171875 1.147461 0.756836 0.878906 -180.000000 E
S 74 S 49.487300 5.615234 6.127930 0.000000 0.952148 1.000977 0.732422 0.781250 -180.000000 E
S 75 S 53.417970 4.931641 7.617188 0.000000 1.171875 0.756836 0.683594 1.025391 -180.000000 E
S 76 S 57.006840 4.516602 9.228516 0.000000 1.220703 1.220703 0.683594 0.952148 -180.000000 E
S 77 S 59.838870 4.052734 10.668950 0.000000 1.342773 1.220703 0.732422 1.000977 -180.000000 E
S 78 S 62.451170 3.710938 12.084960 0.000000 1.440430 1.318359 0.634766 1.074219 -180.000000 E
S 79 S 65.161130 3.344727 13.647460 0.000000 1.538086 1.416016 0.708008 1.074219 -180.000000 E
S 80 S 68.164060 3.002930 15.600590 0.000000 1.904297 1.538086 0.732422 1.269531 -180.000000 E
S 81 S 72.924800 2.221680 19.189450 0.000000 2.490234 1.782227 0.756836 1.367188 -180.000000 E
S 82 S 75.488280 1.782227 21.899410 0.000000 2.514648 2.148438 0.659180 1.489258 -180.000000 E
S 83 S 78.320310 1.220703 24.291990 0.000000 3.198242 2.539063 0.659180 1.733398 -180.000000 E
S 84 S 80.419920 1.660156 27.221680 0.000000 3.833008 2.929688 0.659180 2.075195 -136.713800 E
S 85 S 82.104490 1.147461 30.346680 0.000000 4.589844 3.491211 0.805664 2.490234 -136.713800 E
S 86 S 64.331050 13.525390 57.080080 0.000000 22.045900 13.500980 2.758789 19.067380 99.280310 E
S 87 S 42.358400 11.230470 47.827150 0.000000 33.251950 24.658200 6.005859 36.230470 81.140060 E
S 88 S 41.308590 10.864260 46.679690 0.000000 34.106450 25.976560 5.908203 38.256840 75.533810 E
S 89 S 40.429690 10.522460 45.898440 0.000000 34.423830 26.879880 5.737305 39.135740 49.992510 E
S 90 S 39.379880 9.985352 44.702150 0.000000 34.863280 27.734380 5.761719 39.916990 49.992510 E
S 91 S 38.842770 9.375000 44.042970 0.000000 35.766600 29.345700 5.615234 41.333010 52.820370 E
S 92 S 39.038090 9.033203 44.091800 0.000000 36.450200 30.346680 5.346680 41.870120 58.819210 E
S 93 S 38.574220 9.179688 43.725590 0.000000 36.962890 31.713870 4.980469 43.164060 47.814810 E
S 94 S 39.721680 8.789063 43.554690 0.000000 36.889650 31.787110 4.638672 42.382810 47.814810 E
S 95 S 39.428710 8.032227 42.822270 0.000000 36.743160 31.835940 4.541016 42.285160 37.988960 E
S 96 S 40.087890 7.299805 42.041020 0.000000 36.743160 32.177730 4.345703 42.065430 37.988960 E
S 97 S 40.844730 6.762695 41.625980 0.000000 37.304690 33.032230 4.052734 42.382810 37.207240 E
S 98 S 41.479490 5.761719 40.942380 0.000000 37.719730 34.057620 3.808594 42.846680 36.818710 E
S 99 S 41.357420 5.151367 40.307620 0.000000 37.695310 34.497070 3.369141 42.431640 31.295560 E
S 100 S 41.577150 4.614258 39.599610 0.000000 37.426760 34.570310 3.320313 42.382810 31.295560 E
S 101 S 41.284180 3.906250 38.745120 0.000000 36.889650 34.350590 3.051758 41.796880 15.631340 E
S 102 S 41.210940 3.198242 37.500000 0.000000 36.499020 34.204100 2.978516 41.333010 10.067440 E
S 103 S 41.137700 3.002930 37.963870 0.000000 36.816410 34.570310 2.832031 41.162110 10.067440 E
S 104 S 40.698240 2.954102 37.255860 0.000000 36.889650 35.571290 2.490234 41.430660 11.407510 E
S 105 S 40.576170 2.880859 36.962890 0.000000 36.889650 35.424800 2.246094 41.210940 7.790362 E
S 106 S 40.527340 2.807617 36.596680 0.000000 36.376950 35.034180 2.319336 40.234380 7.790362 E
S 107 S 40.112300 2.319336 35.229490 0.000000 35.498050 34.423830 2.050781 38.940430 1.767942 E
S 108 S 40.161130 2.319336 35.180660 0.000000 35.498050 34.594730 1.831055 38.720700 -0.443929 E
S 109 S 40.478520 2.172852 35.449220 0.000000 35.644530 34.936520 1.733398 38.159180 3.707568 E
S 110 S 40.136720 2.392578 35.278320 0.000000 35.156250 34.863280 1.733398 37.133790 3.707568 E
S 111 S 40.087890 2.050781 34.838870 0.000000 34.667970 34.423830 1.660156 37.036130 0.018065 E
S 112 S 39.672850 2.026367 34.375000 0.000000 34.033200 33.789060 1.684570 36.230470 -2.500952 E
S 113 S 39.916990 1.953125 33.911130 0.000000 33.837890 33.715820 1.318359 35.009770 -0.528066 E
S 114 S 40.136720 2.148438 34.326170 0.000000 33.691410 33.691410 1.269531 34.448240 -3.980265 E
S 115 S 39.990230 2.050781 34.130860 0.000000 33.618160 33.618160 1.416016 34.057620 -3.980265 E
S 116 S 40.234380 1.928711 34.033200 0.000000 33.081050 32.958980 1.269531 33.227540 -4.504037 E
S 117 S 40.478520 1.879883 33.471680 0.000000 32.373050 32.373050 1.269531 32.519530 -4.504037 E
S 118 S 40.527340 1.831055 32.934570 0.000000 31.860350 31.591800 1.098633 31.030270 -9.293730 E
S 119 S 41.552730 1.782227 33.544920 0.000000 31.518550 31.591800 1.074219 30.541990 -20.140050 E
S 120 S 41.723630 1.855469 33.862300 0.000000 31.152340 31.469730 1.123047 29.980470 -21.532000 E
S 121 S 42.407230 2.099609 33.642580 0.000000 30.859380 31.005860 1.269531 29.077150 -21.532000 E
S 122 S 41.894530 1.904297 33.129880 0.000000 30.102540 30.541990 1.098633 28.564450 -26.194390 E
S 123 S 42.456050 1.757813 33.056640 0.000000 29.296880 29.052730 1.147461 26.806640 -29.812980 E
S 124 S 43.359380 1.782227 33.105470 0.000000 28.833010 28.759770 1.123047 26.049800 -29.812980 E
S 125 S 43.408200 1.708984 33.227540 0.000000 28.613280 28.710940 1.245117 25.634770 -33.797570 E
S 126 S 44.262700 1.831055 33.642580 0.000000 28.222660 28.198240 1.196289 24.633790 -41.674310 E
S 127 S 44.555660 1.831055 33.593750 0.000000 27.709960 27.661130 0.952148 23.999020 -41.674310 E
S 128 S 45.385740 1.928711 33.276370 0.000000 27.246090 27.319340 1.074219 23.413090 -39.287230 E
S 129 S 52.563480 2.563477 33.764650 0.000000 22.045900 21.972660 1.367188 16.040040 -78.362200 E
S 130 S 55.493160 2.246094 35.424800 0.000000 21.044920 20.043950 1.318359 14.233400 -54.553310 E
S 131 S 55.590820 2.246094 36.157230 0.000000 20.971680 19.799800 1.025391 14.282230 -55.933510 E
S 132 S 56.030270 2.221680 35.986330 0.000000 21.044920 20.263670 1.245117 14.379880 -55.933510 E
S 133 S 56.396480 2.197266 36.889650 0.000000 21.191410 20.043950 1.245117 13.989260 -54.591540 E
S 134 S 56.689450 2.124023 37.255860 0.000000 21.411130 20.263670 1.171875 14.355470 -55.007980 E
S 135 S 57.031250 1.953125 37.670900 0.000000 21.557620 20.166020 1.171875 14.599610 -49.221880 E
S 136 S 57.226560 2.001953 38.012700 0.000000 21.679690 20.141600 1.269531 15.087890 -49.221880 E
S 137 S 57.617190 1.831055 38.305660 0.000000 21.752930 19.995120 1.464844 14.868160 -46.382110 E
S 138 S 57.934570 1.782227 38.842770 0.000000 21.704100 19.848630 0.976563 15.185550 -46.382110 E
S 139 S 58.837890 1.708984 40.014650 0.000000 22.070310 19.970700 1.074219 15.283200 -63.804960 E
S 140 S 59.277340 1.635742 40.136720 0.000000 22.314450 20.361330 1.025391 15.820310 -47.556500 E
S 141 S 59.863280 1.733398 40.649410 0.000000 22.363280 20.263670 1.318359 15.307620 -46.543070 E
S 142 S 60.034180 1.611328 41.210940 0.000000 22.338870 19.946290 1.049805 15.991210 -46.543070 E
S 143 S 60.546880 1.611328 41.650390 0.000000 22.412110 19.799800 1.245117 15.771480 -48.489610 E
S 144 S 62.207030 1.684570 43.017580 0.000000 22.851560 20.141600 1.025391 16.381840 -54.778210 E
S 145 S 63.110350 1.538086 43.750000 0.000000 23.193360 20.068360 1.123047 16.259770 -50.079310 E
S 146 S 64.013670 1.904297 44.702150 0.000000 23.510740 20.239260 0.976563 16.357420 -50.079310 E
S 147 S 65.112300 1.782227 45.410160 0.000000 23.730470 20.532230 1.123047 17.211910 -51.593420 E
S 148 S 65.966800 1.953125 46.215820 0.000000 23.754880 20.166020 1.025391 17.187500 -48.566210 E
S 149 S 67.871090 2.124023 47.460940 0.000000 23.999020 20.019530 0.952148 17.407230 -65.393360 E
S 150 S 71.337890 2.758789 50.341800 0.000000 25.146480 20.751950 1.049805 18.579100 -52.923930 E
S 151 S 73.046880 2.856445 51.391600 0.000000 25.292970 21.386720 1.074219 18.847660 -60.381980 E
S 152 S 74.536130 3.222656 52.587890 0.000000 25.976560 21.606450 0.903320 19.580080 -60.381980 E
S 153 S 75.952150 3.735352 54.003910 0.000000 26.074220 20.947270 1.098633 19.677730 -51.266710 E
S 154 S 78.222660 4.565430 55.688480 0.000000 26.440430 20.751950 1.196289 19.726560 -51.266710 E
S 155 S 82.373050 5.517578 58.740230 0.000000 27.636720 21.972660 1.171875 21.020510 -52.292180 E
S 156 S 85.424800 6.372070 60.961910 0.000000 28.271480 22.753910 1.318359 22.021480 -58.407590 E
S 157 S 87.817380 7.470703 62.841800 0.000000 29.125980 22.949220 1.367188 22.558590 -49.382660 E
S 158 S 90.869140 8.715820 65.356450 0.000000 29.809570 23.217770 1.562500 23.974610 -49.382660 E
S 159 S 94.165040 9.765625 66.967770 0.000000 30.468750 23.486330 1.806641 23.950200 -44.248800 E
S 160 S 99.731450 11.962890 71.093750 0.000000 31.958010 24.633790 1.855469 26.147460 -42.761500 E
S 161 S 99.975590 13.354490 74.340820 0.000000 32.836910 25.000000 1.977539 26.171880 -42.761500 E
S 162 S 99.975590 15.087890 77.294920 0.000000 34.301760 26.489260 2.172852 27.709960 -40.780850 E
S 163 S 99.975590 16.259770 80.249020 0.000000 35.351560 27.636720 2.148438 28.784180 -37.146510 E
S 164 S 99.975590 17.797850 83.203130 0.000000 36.474610 28.637700 2.172852 30.322270 -37.146510 E
S 165 S 99.975590 21.386720 89.306640 0.000000 38.061520 28.662110 2.734375 31.372070 -28.705190 E
S 166 S 99.975590 22.973630 92.602540 0.000000 39.355470 30.004880 3.198242 33.007810 -26.751580 E
S 167 S 99.975590 25.317380 98.120120 0.000000 40.893550 31.372070 3.320313 34.643550 -26.751580 E
S 168 S 99.975590 27.612300 99.975590 0.000000 42.529300 32.836910 3.247070 35.913090 -25.606210 E
S 169 S 99.975590 29.565430 99.975590 0.000000 44.091800 33.837890 3.515625 37.231450 -24.961600 E
S 170 S 99.975590 9.985352 96.777340 0.000000 59.375000 52.343750 3.564453 51.220700 -180.000000 E
S 171 S 99.975590 8.764648 73.437500 0.000000 61.718750 60.180660 3.906250 64.990230 -180.000000 E
S 172 S 99.975590 8.569336 71.606450 0.000000 62.231450 61.010740 4.150391 66.455080 -180.000000 E
S 173 S 99.975590 8.227539 69.970700 0.000000 62.524410 62.133790 4.418945 70.458980 -180.000000 E
S 174 S 99.975590 7.543945 69.018550 0.000000 62.719730 62.255860 5.322266 73.535160 -180.000000 E
S 175 S 99.975590 6.884766 66.430660 0.000000 63.085940 63.378910 6.640625 79.980470 111.806700 E
S 176 S 99.975590 6.372070 65.039060 0.000000 62.939450 64.331050 7.519531 84.716800 20.495050 E
S 177 S 99.975590 5.786133 64.111330 0.000000 62.622070 64.184570 8.862305 89.184570 20.495050 E
S 178 S 99.975590 5.688477 63.012700 0.000000 61.914060 64.208980 9.887695 93.969730 19.085790 E
S 179 S 99.975590 5.224609 61.596680 0.000000 60.546880 63.647460 11.059570 97.998050 19.085790 E
S 180 S 99.975590 4.614258 60.034180 0.000000 59.155270 62.622070 12.255860 99.975590 1.523695 E
S 181 S 99.975590 4.321289 58.520510 0.000000 55.639650 59.594730 13.500980 99.975590 -8.488628 E
S 182 S 99.975590 4.101563 56.787110 0.000000 53.491210 57.666020 13.818360 99.975590 -20.008740 E
S 183 S 99.975590 3.637695 55.590820 0.000000 50.878910 55.297850 14.184570 99.975590 -20.008740 E
S 184 S 99.975590 3.417969 55.224610 0.000000 48.315430 52.416990 14.501950 99.975590 -26.974420 E
S 185 S 99.975590 3.710938 53.710940 0.000000 45.996090 50.170900 14.013670 99.975590 -26.974420 E
S 186 S 99.975590 3.393555 51.440430 0.000000 41.577150 45.898440 13.281250 99.975590 -41.509200 E
S 187 S 99.975590 3.271484 49.682620 0.000000 39.306640 43.383790 12.597660 99.902340 -52.398300 E
S 188 S 99.975590 3.613281 45.727540 0.000000 35.424800 39.526370 11.425780 96.313480 -46.121430 E
S 189 S 99.975590 3.613281 43.994140 0.000000 32.836910 37.060550 10.595700 92.675780 -40.144660 E
S 190 S 99.975590 3.662109 41.601560 0.000000 30.688480 35.058590 9.570313 89.941410 -40.144660 E
S 191 S 98.461910 4.150391 36.157230 0.000000 25.366210 29.565430 8.178711 80.834960 -45.887520 E
S 192 S 97.119140 4.418945 34.106450 0.000000 23.510740 27.856450 6.958008 77.001950 -45.887520 E
S 193 S 94.946290 4.687500 31.884770 0.000000 21.508790 25.805660 6.152344 73.315430 -60.985860 E
S 194 S 93.823240 4.882813 29.907230 0.000000 19.726560 23.779300 5.590820 69.116210 -77.682010 E
S 195 S 91.870120 4.785156 28.295900 0.000000 18.115230 21.484380 4.858398 64.331050 -77.682010 E
S 196 S 89.599610 5.249023 25.488280 0.000000 15.356450 18.701170 4.248047 57.592770 -83.356380 E
S 197 S 86.450200 5.053711 23.486330 0.000000 13.623050 16.723630 3.881836 52.929690 -97.182070 E
S 198 S 83.300780 4.663086 21.972660 0.000000 12.109380 14.868160 3.295898 48.730470 -97.182070 E
S 199 S 80.322270 4.565430 20.336910 0.000000 10.791020 12.963870 2.978516 44.189450 -95.988790 E
S 200 S 77.856450 4.345703 18.676760 0.000000 9.423828 11.059570 2.734375 39.208980 -113.790000 E
S 201 S 73.657230 4.125977 16.528320 0.000000 7.299805 8.593750 2.148438 32.250980 -147.046000 E
S 202 S 71.655270 3.686523 15.502930 0.000000 6.347656 7.128906 2.075195 27.612300 -154.649000 E
S 203 S 70.092770 3.710938 15.014650 0.000000 5.590820 6.274414 2.001953 24.414060 -154.649000 E
S 204 S 68.530270 3.686523 14.599610 0.000000 4.931641 5.297852 1.879883 20.922850 -159.609300 E
S 205 S 66.943360 3.466797 13.305660 0.000000 4.223633 4.418945 1.513672 17.651370 -159.609300 E
S 206 S 66.186520 3.320313 12.841800 0.000000 3.515625 3.613281 1.367188 13.989260 -170.620900 E
S 207 S 65.185550 3.247070 11.889650 0.000000 2.954102 2.685547 1.196289 9.667969 -168.593500 E
S 208 S 65.014650 3.173828 11.816410 0.000000 2.270508 2.197266 1.123047 7.543945 -171.835700 E
S 209 S 64.819340 3.051758 11.645510 0.000000 1.953125 2.124023 0.976563 5.688477 -171.835700 E
S 210 S 64.501950 3.027344 11.401370 0.000000 1.806641 1.757813 0.903320 4.174805 -176.321300 E
S 211 S 64.916990 2.978516 11.376950 0.000000 1.684570 1.416016 0.708008 2.929688 -176.321300 E
S 212 S 66.577150 8.740234 8.642578 0.000000 1.049805 0.927734 0.781250 2.612305 -36.179430 E
S 213 S 23.828130 13.037110 1.269531 0.000000 0.732422 0.756836 1.000977 4.882813 121.396900 E
S 214 S 18.994140 11.987300 1.391602 0.000000 0.732422 0.659180 1.000977 5.126953 56.203840 E
S 215 S 13.549800 10.424800 1.440430 0.000000 0.561523 0.805664 0.854492 5.224609 56.203840 E
S 216 S 9.448242 9.057617 1.635742 0.000000 0.952148 0.903320 0.830078 5.590820 40.539140 E
S 217 S 5.834961 7.470703 1.806641 0.000000 1.049805 1.049805 0.830078 6.005859 40.539140 E
S 218 S 3.442383 5.712891 2.050781 0.000000 1.049805 1.098633 0.781250 6.396484 76.900510 E
S 219 S 1.977539 4.711914 2.026367 0.000000 1.025391 1.245117 0.805664 6.689453 -15.338470 E
S 220 S 1.293945 3.735352 2.368164 0.000000 1.245117 1.464844 0.781250 7.226563 -15.338470 E
S 221 S 1.147461 2.880859 2.075195 0.000000 1.342773 1.831055 0.952148 7.666016 0.694999 E
S 222 S 1.269531 2.148438 2.050781 0.000000 1.489258 2.050781 0.781250 7.739258 0.694999 E
S 223 S 1.464844 1.293945 2.026367 0.000000 1.489258 2.294922 0.854492 7.714844 -25.575000 E
S 224 S 1.928711 1.147461 1.635742 0.000000 1.513672 2.416992 0.805664 7.788086 1.672646 E
S 225 S 2.758789 0.683594 1.904297 0.000000 1.635742 2.978516 1.000977 8.374023 -10.492890 E
S 226 S 3.198242 0.659180 1.586914 0.000000 1.708984 3.149414 0.634766 8.349609 -57.533260 E
S 227 S 3.588867 0.561523 1.806641 0.000000 1.708984 3.173828 0.830078 7.836914 -57.533260 E
S 228 S 4.028320 0.708008 1.440430 0.000000 1.953125 3.027344 0.830078 7.397461 11.318490 E
S 229 S 4.077148 0.708008 1.220703 0.000000 1.708984 3.027344 0.927734 6.958008 -62.795890 E
S 230 S 4.443359 0.708008 1.464844 0.000000 1.708984 3.247070 0.903320 6.787109 -62.795890 E
S 231 S 4.345703 0.903320 1.293945 0.000000 1.806641 3.002930 0.781250 6.445313 -16.589980 E
S 232 S 4.272461 0.927734 1.025391 0.000000 1.464844 3.027344 0.805664 6.225586 -13.994450 E
S 233 S 4.296875 0.878906 0.830078 0.000000 1.342773 2.856445 0.952148 5.566406 -0.926046 E
S 234 S 4.125977 1.147461 0.927734 0.000000 1.196289 2.734375 0.805664 4.589844 71.760010 E
S 235 S 4.125977 1.171875 0.952148 0.000000 1.342773 2.587891 0.732422 4.394531 71.760010 E
S 236 S 3.955078 1.342773 0.805664 0.000000 1.220703 2.221680 0.830078 3.808594 45.046160 E
S 237 S 3.833008 1.342773 0.878906 0.000000 1.147461 2.001953 0.878906 3.466797 120.051300 E
S 238 S 3.540039 1.318359 0.488281 0.000000 1.000977 1.782227 0.830078 2.807617 120.051300 E
S 239 S 3.540039 1.879883 0.756836 0.000000 0.927734 1.586914 0.830078 2.514648 178.105300 E
S 240 S 3.076172 1.586914 0.708008 0.000000 0.903320 1.123047 0.732422 1.684570 159.289600 E
S 241 S 2.832031 1.684570 0.585938 0.000000 0.854492 0.878906 0.830078 1.342773 159.289600 E
S 242 S 2.563477 1.660156 0.659180 0.000000 0.854492 0.732422 0.683594 1.025391 131.093500 E
S 243 S 2.392578 1.367188 0.683594 0.000000 0.756836 0.683594 0.805664 0.903320 86.197190 E
S 244 S 2.148438 1.586914 0.732422 0.000000 0.708008 0.952148 1.025391 0.976563 86.197190 E
S 245 S 1.391602 1.318359 0.683594 0.000000 0.830078 1.757813 1.855469 1.855469 9.152338 E
S 246 S 1.293945 0.976563 0.781250 0.000000 0.561523 3.442383 3.027344 3.173828 9.152338 E
S 247 S 1.025391 0.805664 0.903320 0.000000 0.830078 5.371094 4.711914 4.516602 -45.453980 E
S 248 S 0.854492 0.830078 0.878906 0.000000 0.708008 8.398438 6.787109 7.104492 -45.453980 E
S 249 S 0.854492 0.561523 0.830078 0.000000 0.830078 12.060550 9.277344 10.058590 -56.295590 E
S 250 S 0.683594 0.708008 1.611328 0.000000 1.000977 15.869140 12.695310 12.402340 -77.997930 E
S 251 S 0.854492 2.441406 2.783203 0.000000 1.489258 24.023440 19.213870 18.090820 -23.654550 E
S 252 S 1.049805 5.126953 4.809570 0.000000 2.026367 29.541020 23.901370 21.630860 -23.654550 E
S 253 S 1.586914 10.595700 8.520508 0.000000 2.929688 36.059570 30.419920 25.097660 -18.466170 E
S 254 S 2.514648 15.771480 11.914060 0.000000 3.491211 41.601560 35.522460 28.344730 -18.466170 E
S 255 S 3.979492 23.315430 16.015630 0.000000 4.248047 47.338870 41.113280 31.103520 33.462000 E
S 256 S 6.176758 40.356450 15.942380 0.000000 1.171875 14.086910 14.477540 6.469727 5.070423 E
S 257 S 0.830078 7.788086 2.490234 0.000000 0.585938 0.952148 1.879883 0.781250 -9.425927 E
S 258 S 0.805664 6.713867 2.148438 0.000000 0.610352 0.830078 1.538086 0.659180 -12.871600 E
S 259 S 0.659180 5.688477 1.831055 0.000000 0.439453 0.634766 1.440430 0.561523 -12.871600 E
S 260 S 0.683594 5.029297 1.635742 0.000000 0.561523 0.512695 1.318359 0.561523 -21.217590 E
S 261 S 0.708008 4.052734 1.538086 0.000000 0.561523 0.634766 1.049805 0.708008 60.077100 E
S 262 S 0.756836 3.710938 1.464844 0.000000 0.781250 0.708008 1.123047 0.732422 -54.951210 E
S 263 S 0.732422 3.369141 1.367188 0.000000 0.781250 0.561523 1.098633 0.683594 -54.951210 E
S 264 S 0.708008 3.125000 1.416016 0.000000 0.585938 0.659180 1.220703 0.805664 34.551730 E
S 265 S 0.659180 3.247070 1.367188 0.000000 0.537109 0.756836 1.293945 0.805664 -24.906970 E
S 266 S 0.659180 3.002930 1.513672 0.000000 0.659180 0.610352 1.123047 0.732422 -24.906970 E
S 267 S 0.976563 2.978516 1.513672 0.000000 0.537109 0.683594 1.318359 0.610352 -16.156630 E
S 268 S 0.878906 2.368164 1.367188 0.000000 0.659180 0.659180 1.123047 0.805664 18.000000 E
S 269 S 0.634766 2.099609 1.269531 0.000000 0.585938 0.537109 1.098633 0.854492 18.000000 E
S 270 S 1.098633 2.368164 1.757813 0.000000 0.683594 0.659180 1.049805 0.878906 27.857140 E
S 271 S 1.123047 2.246094 1.782227 0.000000 0.781250 0.683594 1.367188 1.049805 46.121540 E
S 272 S 1.245117 2.099609 1.806641 0.000000 0.683594 0.610352 1.342773 1.123047 46.121540 E
S 273 S 1.220703 1.562500 1.269531 0.000000 0.756836 0.756836 1.367188 1.245117 -54.391700 E
S 274 S 1.049805 1.586914 1.440430 0.000000 0.830078 0.952148 1.464844 1.147461 45.876620 E
S 275 S 0.903320 1.416016 1.196289 0.000000 0.512695 0.634766 1.220703 1.000977 57.246840 E
S 276 S 1.098633 1.440430 1.293945 0.000000 0.756836 0.585938 1.416016 1.196289 57.246840 E
S 277 S 1.123047 1.293945 1.586914 0.000000 0.854492 0.585938 1.293945 1.220703 -80.422650 E
S 278 S 1.098633 1.562500 1.318359 0.000000 0.854492 0.634766 1.269531 1.269531 -23.749130 E
S 279 S 0.878906 1.464844 1.245117 0.000000 0.756836 0.732422 1.269531 0.903320 73.889430 E
S 280 S 0.830078 1.464844 1.098633 0.000000 0.732422 0.634766 1.367188 1.025391 73.889430 E
S 281 S 0.756836 1.684570 1.269531 0.000000 0.708008 0.659180 1.318359 0.634766 -7.662447 E
S 282 S 0.732422 1.806641 1.049805 0.000000 0.732422 0.732422 1.391602 0.683594 -7.662447 E
S 283 S 0.512695 1.635742 1.000977 0.000000 0.488281 0.537109 1.196289 0.463867 12.419580 E
S 284 S 0.683594 1.562500 0.903320 0.000000 0.439453 0.781250 1.293945 0.561523 -94.695650 E
S 285 S 0.585938 1.562500 0.976563 0.000000 0.537109 0.708008 1.147461 0.659180 45.362480 E
S 286 S 0.830078 1.635742 0.952148 0.000000 0.659180 0.781250 1.293945 0.708008 45.362480 E
S 287 S 0.683594 1.660156 0.927734 0.000000 0.732422 0.878906 1.245117 0.830078 -14.262860 E
S 288 S 0.708008 1.538086 0.976563 0.000000 0.781250 0.683594 1.147461 0.659180 -14.262860 E
S 289 S 0.585938 1.391602 0.805664 0.000000 0.537109 0.683594 0.927734 0.610352 0.739002 E
S 290 S 0.659180 1.562500 0.781250 0.000000 0.463867 0.805664 1.000977 0.585938 84.226430 E
S 291 S 0.878906 1.513672 0.830078 0.000000 0.488281 0.805664 1.025391 0.683594 -31.022400 E
S 292 S 0.610352 1.416016 1.000977 0.000000 0.610352 0.878906 1.171875 0.732422 -31.022400 E
S 293 S 0.708008 1.416016 0.976563 0.000000 0.537109 0.756836 1.074219 0.708008 -91.265630 E
S 294 S 0.659180 1.123047 0.878906 0.000000 0.756836 0.781250 1.147461 0.756836 -91.265630 E
S 295 S 0.659180 1.220703 0.756836 0.000000 0.585938 0.830078 1.049805 0.610352 -28.119030 E
S 296 S 0.537109 1.098633 0.708008 0.000000 0.561523 0.756836 1.074219 0.537109 61.043480 E
S 297 S 0.781250 1.147461 0.805664 0.000000 0.781250 0.756836 1.074219 0.610352 8.571428 E
S 298 S 0.732422 1.245117 0.976563 0.000000 0.610352 0.878906 1.000977 0.756836 8.571428 E
S 299 S 0.781250 1.293945 0.756836 0.000000 0.610352 0.732422 1.074219 0.732422 -14.727270 E
S 300 S 0.390625 0.610352 0.512695 0.000000 0.781250 0.781250 0.708008 0.732422 95.657140 E
S 301 S 0.659180 0.732422 0.683594 0.000000 0.756836 0.952148 0.756836 1.049805 -6.252631 E
S 302 S 0.659180 0.976563 0.610352 0.000000 0.683594 0.683594 0.781250 1.025391 -6.252631 E
S 303 S 0.805664 0.854492 0.756836 0.000000 0.634766 0.756836 0.830078 0.781250 1.329545 E
S 304 S 0.610352 0.805664 0.683594 0.000000 0.610352 0.610352 0.634766 0.781250 -9.473685 E
S 305 S 0.585938 0.512695 0.512695 0.000000 0.561523 0.610352 0.634766 0.854492 -9.473685 E
S 306 S 0.708008 0.537109 0.659180 0.000000 0.512695 0.634766 0.561523 0.732422 -16.200000 E
S 307 S 0.708008 0.732422 0.683594 0.000000 0.488281 0.781250 0.732422 0.683594 3.534247 E
S 308 S 0.561523 0.561523 0.512695 0.000000 0.585938 0.537109 0.683594 0.781250 3.534247 E
S 309 S 0.756836 0.683594 0.537109 0.000000 0.537109 0.610352 0.659180 0.610352 63.514880 E
S 310 S 0.830078 0.610352 0.561523 0.000000 0.634766 0.732422 0.659180 0.854492 -51.370790 E
S 311 S 0.805664 0.659180 0.659180 0.000000 0.634766 0.781250 0.854492 0.830078 -24.060080 E
S 312 S 0.830078 0.634766 0.561523 0.000000 0.634766 0.781250 0.732422 0.854492 -24.060080 E
S 313 S 0.854492 0.805664 0.585938 0.000000 0.634766 0.830078 0.756836 0.830078 19.384620 E
S 314 S 0.610352 0.708008 0.610352 0.000000 0.708008 0.830078 0.512695 0.903320 19.384620 E
S 315 S 0.805664 0.756836 0.683594 0.000000 0.610352 0.659180 0.634766 0.878906 81.321010 E
S 316 S 0.781250 0.537109 0.390625 0.000000 0.585938 0.512695 0.659180 0.805664 81.321010 E
S 317 S 0.878906 0.610352 0.781250 0.000000 0.708008 0.805664 0.756836 0.805664 -78.885450 E
S 318 S 0.805664 0.512695 0.561523 0.000000 0.537109 0.610352 0.830078 0.952148 22.073280 E
S 319 S 0.927734 0.585938 0.537109 0.000000 0.805664 0.585938 0.805664 0.952148 22.073280 E
S 320 S 0.732422 0.439453 0.634766 0.000000 0.610352 0.610352 0.561523 0.756836 1.934055 E
S 321 S 0.830078 0.488281 0.610352 0.000000 0.732422 0.634766 0.659180 0.683594 3.120913 E
S 322 S 0.830078 0.488281 0.341797 0.000000 0.488281 0.659180 0.488281 0.805664 3.120913 E
S 323 S 0.805664 0.585938 0.585938 0.000000 0.463867 0.610352 0.659180 0.903320 31.644180 E
S 324 S 0.561523 0.659180 0.634766 0.000000 0.561523 0.610352 0.585938 0.878906 -0.987342 E
S 325 S 0.976563 0.659180 0.683594 0.000000 0.634766 0.659180 0.659180 0.854492 -0.987342 E
S 326 S 0.878906 0.610352 0.537109 0.000000 0.512695 0.683594 0.732422 0.878906 24.352940 E
S 327 S 0.781250 0.683594 1.000977 0.000000 0.561523 0.610352 0.830078 0.927734 -63.025040 E
S 328 S 0.976563 0.561523 0.439453 0.000000 0.561523 0.903320 0.683594 0.708008 -9.618097 E
S 329 S 0.927734 0.537109 0.683594 0.000000 0.683594 0.634766 0.830078 0.952148 -9.618097 E
S 330 S 1.074219 0.561523 0.634766 0.000000 0.683594 0.659180 0.732422 0.927734 139.448300 E
S 331 S 0.903320 0.537109 0.659180 0.000000 0.634766 0.781250 0.634766 0.976563 139.448300 E
S 332 S 1.147461 0.659180 0.830078 0.000000 0.732422 0.732422 0.854492 1.000977 -73.498000 E
S 333 S 1.074219 0.732422 0.927734 0.000000 0.683594 0.781250 0.659180 0.976563 3.426918 E
S 334 S 1.123047 0.634766 0.585938 0.000000 0.463867 0.805664 0.585938 0.927734 5.682614 E
S 335 S 0.830078 0.585938 0.708008 0.000000 0.659180 0.781250 0.683594 0.976563 5.682614 E
S 336 S 1.025391 0.537109 0.683594 0.000000 0.683594 0.830078 0.732422 0.854492 -14.190610 E
S 337 S 1.074219 0.537109 0.781250 0.000000 0.463867 0.561523 0.659180 0.878906 79.320400 E
S 338 S 0.976563 0.463867 0.561523 0.000000 0.561523 0.683594 0.659180 0.927734 79.320400 E
S 339 S 1.220703 0.659180 0.756836 0.000000 0.683594 0.585938 0.903320 1.049805 -48.061380 E
S 340 S 1.123047 0.537109 0.805664 0.000000 0.854492 0.634766 0.732422 0.976563 -14.770560 E
S 341 S 1.269531 0.610352 0.805664 0.000000 0.903320 0.756836 0.903320 1.123047 -0.757895 E
S 342 S 1.196289 0.512695 0.878906 0.000000 0.659180 0.878906 0.683594 1.025391 -0.757895 E
S 343 S 1.049805 0.585938 0.463867 0.000000 0.537109 0.610352 0.732422 0.952148 -2.566768 E
S 344 S 0.903320 0.415039 0.805664 0.000000 0.659180 0.585938 0.610352 0.952148 -2.566768 E
S 345 S 1.293945 0.488281 0.708008 0.000000 0.781250 0.756836 0.610352 1.098633 12.413790 E
S 346 S 1.342773 0.488281 0.781250 0.000000 0.634766 0.708008 0.781250 1.171875 -21.662490 E
S 347 S 1.025391 0.512695 0.781250 0.000000 0.659180 0.610352 0.708008 1.147461 17.465620 E
S 348 S 1.074219 0.585938 0.805664 0.000000 0.781250 0.708008 0.732422 1.269531 -14.655850 E
S 349 S 1.513672 0.634766 0.854492 0.000000 0.781250 0.927734 0.903320 1.391602 -14.655850 E
S 350 S 1.293945 0.659180 0.781250 0.000000 0.634766 0.634766 0.634766 1.123047 90.785580 E
S 351 S 1.318359 0.708008 0.878906 0.000000 0.854492 0.830078 0.732422 1.416016 -8.649980 E
S 352 S 1.318359 0.561523 0.854492 0.000000 0.756836 0.878906 0.683594 1.293945 19.600000 E
S 353 S 1.196289 0.488281 0.878906 0.000000 0.708008 0.781250 0.683594 1.440430 19.600000 E
S 354 S 1.220703 0.561523 0.756836 0.000000 0.659180 0.805664 0.634766 1.245117 -19.075330 E
