S 0 S 39.697270 4.199219 38.232420 0.000000 44.116210 47.192380 2.758789 55.151370 1.539331 E
S 1 S 39.575200 4.370117 38.183590 0.000000 44.042970 47.192380 2.783203 55.126950 1.057010 E
S 2 S 39.624020 3.881836 38.354490 0.000000 43.945310 47.241210 2.783203 55.273440 3.643018 E
S 3 S 39.697270 4.248047 38.159180 0.000000 44.018550 47.216800 2.880859 55.029300 2.181419 E
S 4 S 39.648440 4.101563 38.085940 0.000000 44.067380 47.265630 2.880859 55.273440 2.181419 E
S 5 S 39.526370 4.199219 37.988280 0.000000 43.969730 47.241210 2.783203 55.151370 4.021323 E
S 6 S 39.453130 4.394531 38.134770 0.000000 44.140630 47.143550 2.734375 55.200200 2.499716 E
S 7 S 39.453130 4.223633 38.232420 0.000000 44.140630 47.363280 2.807617 55.200200 2.499716 E
S 8 S 39.501950 4.125977 38.159180 0.000000 44.042970 47.216800 2.929688 55.004880 2.090644 E
S 9 S 39.453130 4.248047 38.183590 0.000000 44.091800 47.216800 2.734375 55.102540 4.419768 E
S 10 S 39.501950 4.150391 38.134770 0.000000 44.042970 47.241210 2.905273 55.078130 4.419768 E
S 11 S 39.428710 4.174805 38.183590 0.000000 43.945310 47.290040 2.929688 55.322270 2.183491 E
S 12 S 39.428710 4.443359 38.232420 0.000000 43.920900 47.241210 2.880859 55.126950 2.333685 E
S 13 S 39.477540 4.174805 38.134770 0.000000 43.945310 47.167970 2.929688 55.200200 2.333685 E
S 14 S 39.550780 4.052734 38.305660 0.000000 43.969730 47.119140 2.832031 55.102540 3.229009 E
S 15 S 39.453130 4.150391 38.354490 0.000000 44.091800 47.290040 2.905273 55.102540 3.769846 E
S 16 S 39.526370 4.077148 38.183590 0.000000 44.116210 47.290040 2.905273 55.249020 3.769846 E
S 17 S 39.575200 4.223633 38.330080 0.000000 43.994140 47.167970 2.856445 55.126950 1.880889 E
S 18 S 39.477540 4.174805 38.110350 0.000000 44.067380 47.241210 2.880859 55.249020 3.700717 E
S 19 S 39.599610 4.150391 38.281250 0.000000 44.018550 47.241210 2.832031 55.175780 3.700717 E
S 20 S 39.648440 4.223633 38.403320 0.000000 43.994140 47.070310 3.002930 55.175780 5.392872 E
S 21 S 39.624020 4.248047 38.159180 0.000000 44.067380 47.290040 2.783203 55.249020 2.009567 E
S 22 S 39.477540 4.125977 38.256840 0.000000 43.994140 47.192380 2.832031 55.126950 2.276176 E
S 23 S 39.477540 4.199219 38.305660 0.000000 44.140630 47.216800 2.685547 55.151370 2.276176 E
S 24 S 39.526370 4.223633 38.183590 0.000000 44.067380 47.094730 2.783203 55.151370 2.582217 E
S 25 S 39.501950 4.321289 38.281250 0.000000 43.969730 47.216800 2.832031 55.200200 2.582217 E
S 26 S 39.575200 4.150391 38.061520 0.000000 44.116210 47.070310 2.880859 55.078130 3.205954 E
S 27 S 39.672850 4.174805 38.330080 0.000000 44.116210 47.192380 3.051758 55.053710 2.649176 E
S 28 S 39.526370 4.199219 38.256840 0.000000 44.140630 47.338870 2.880859 55.200200 2.403880 E
S 29 S 39.526370 4.248047 38.403320 0.000000 44.091800 47.094730 2.929688 55.004880 2.403880 E
S 30 S 39.428710 4.223633 38.208010 0.000000 44.165040 47.216800 2.954102 55.224610 2.998043 E
S 31 S 39.526370 4.418945 38.232420 0.000000 44.189450 46.972660 2.929688 54.980470 2.998043 E
S 32 S 39.501950 4.125977 38.110350 0.000000 44.140630 47.314450 2.929688 55.151370 2.431317 E
S 33 S 39.526370 4.223633 38.256840 0.000000 44.091800 47.216800 2.832031 55.102540 2.252887 E
S 34 S 39.501950 4.223633 38.378910 0.000000 44.091800 47.241210 2.856445 55.029300 2.265249 E
S 35 S 39.428710 4.541016 38.183590 0.000000 44.140630 47.143550 2.856445 55.126950 2.265249 E
S 36 S 39.477540 4.223633 38.354490 0.000000 43.994140 47.265630 2.856445 55.029300 5.517109 E
S 37 S 39.697270 4.150391 38.232420 0.000000 44.067380 47.143550 2.929688 55.249020 5.517109 E
S 38 S 39.526370 4.125977 38.476560 0.000000 44.042970 47.241210 2.807617 55.200200 2.416382 E
S 39 S 39.404300 4.223633 38.208010 0.000000 44.213870 46.923830 2.880859 55.004880 2.416382 E
S 40 S 39.721680 4.077148 37.988280 0.000000 44.238280 47.363280 2.856445 55.346680 2.528233 E
S 41 S 39.624020 4.052734 38.256840 0.000000 43.896480 47.290040 2.954102 55.200200 2.738852 E
S 42 S 39.428710 4.174805 38.354490 0.000000 44.067380 47.265630 2.978516 55.004880 2.306097 E
S 43 S 39.648440 4.174805 38.354490 0.000000 44.189450 47.290040 2.856445 55.175780 2.306097 E
S 44 S 39.575200 4.077148 38.183590 0.000000 44.189450 47.265630 2.905273 55.273440 2.431056 E
S 45 S 39.453130 4.174805 38.305660 0.000000 44.067380 47.241210 2.807617 55.224610 1.730578 E
S 46 S 39.453130 3.979492 38.183590 0.000000 43.920900 47.265630 2.954102 55.249020 4.665627 E
S 47 S 39.672850 4.199219 38.037110 0.000000 44.140630 47.192380 2.856445 55.224610 4.665627 E
S 48 S 39.404300 4.394531 38.232420 0.000000 44.238280 46.997070 2.905273 55.053710 2.017743 E
S 49 S 39.404300 4.443359 38.330080 0.000000 44.360350 47.143550 2.880859 54.980470 3.652555 E
S 50 S 39.599610 4.077148 38.427730 0.000000 43.994140 47.290040 2.856445 55.224610 3.652555 E
S 51 S 39.404300 4.516602 38.427730 0.000000 44.116210 47.094730 2.929688 54.907230 1.252629 E
S 52 S 39.672850 4.174805 38.012700 0.000000 44.091800 47.192380 2.978516 55.297850 5.064029 E
S 53 S 39.453130 4.223633 38.232420 0.000000 44.091800 47.216800 2.783203 54.956050 5.064029 E
S 54 S 39.721680 4.150391 38.061520 0.000000 44.067380 47.143550 3.027344 55.297850 2.837228 E
S 55 S 39.453130 4.370117 38.110350 0.000000 44.165040 47.241210 2.954102 55.102540 1.986538 E
S 56 S 39.624020 4.150391 38.232420 0.000000 43.920900 47.314450 2.807617 55.273440 1.986538 E
S 57 S 39.501950 4.248047 38.085940 0.000000 44.091800 47.070310 2.954102 55.175780 2.069899 E
S 58 S 39.599610 4.370117 38.159180 0.000000 44.140630 47.167970 2.832031 55.249020 2.069899 E
S 59 S 39.501950 4.370117 38.208010 0.000000 44.165040 47.143550 2.954102 55.224610 2.290054 E
S 60 S 39.721680 4.101563 38.061520 0.000000 43.945310 47.338870 2.880859 55.249020 2.157785 E
S 61 S 39.379880 4.174805 38.232420 0.000000 44.213870 47.363280 2.929688 55.126950 3.988288 E
S 62 S 39.501950 3.979492 38.208010 0.000000 43.945310 47.143550 2.880859 55.053710 3.988288 E
S 63 S 39.550780 4.174805 38.085940 0.000000 44.018550 47.314450 2.880859 55.224610 2.221987 E
S 64 S 39.526370 4.199219 38.378910 0.000000 44.067380 47.314450 2.905273 55.175780 2.221987 E
S 65 S 39.526370 4.223633 38.061520 0.000000 44.165040 47.265630 2.905273 55.224610 3.975464 E
S 66 S 39.428710 4.272461 38.110350 0.000000 44.213870 47.119140 2.880859 55.053710 2.116958 E
S 67 S 39.355470 4.125977 38.281250 0.000000 44.140630 47.290040 2.880859 55.151370 2.376779 E
S 68 S 39.428710 4.125977 38.281250 0.000000 43.969730 47.387700 2.954102 55.297850 2.376779 E
S 69 S 39.453130 4.345703 38.159180 0.000000 44.238280 47.167970 2.929688 55.029300 4.713589 E
S 70 S 39.648440 4.003906 38.085940 0.000000 43.872070 47.265630 2.856445 55.346680 4.713589 E
S 71 S 39.575200 4.296875 38.256840 0.000000 44.018550 47.338870 2.758789 55.200200 2.270567 E
S 72 S 39.428710 4.199219 38.330080 0.000000 44.140630 47.143550 3.027344 55.126950 2.190422 E
S 73 S 39.501950 4.199219 38.085940 0.000000 44.116210 47.192380 2.783203 55.126950 3.580979 E
S 74 S 39.477540 4.272461 38.281250 0.000000 43.994140 47.265630 2.880859 55.126950 3.580979 E
S 75 S 39.550780 4.199219 38.183590 0.000000 44.165040 47.192380 2.880859 55.175780 3.748306 E
S 76 S 39.501950 4.101563 38.208010 0.000000 43.969730 47.265630 2.807617 55.200200 1.995482 E
S 77 S 39.501950 4.223633 38.159180 0.000000 44.116210 47.094730 2.905273 55.078130 3.338471 E
S 78 S 39.355470 4.321289 38.232420 0.000000 44.189450 47.216800 2.880859 55.053710 3.338471 E
S 79 S 39.501950 4.052734 38.330080 0.000000 43.896480 47.436520 2.978516 55.249020 2.361327 E
S 80 S 39.648440 4.272461 38.061520 0.000000 44.042970 47.290040 2.929688 55.224610 3.304986 E
S 81 S 39.404300 4.125977 38.305660 0.000000 44.067380 47.314450 2.880859 55.126950 2.892681 E
S 82 S 39.526370 4.101563 38.330080 0.000000 43.945310 47.314450 2.832031 55.102540 2.892681 E
S 83 S 39.453130 4.321289 38.305660 0.000000 43.945310 47.265630 2.807617 55.078130 1.994378 E
S 84 S 39.624020 5.517578 38.720700 0.000000 44.189450 47.265630 2.758789 55.151370 2.913517 E
S 85 S 39.672850 4.980469 38.256840 0.000000 44.140630 47.631840 2.929688 55.419920 2.913517 E
S 86 S 39.526370 4.931641 38.232420 0.000000 43.896480 46.899410 2.832031 54.882810 6.362966 E
S 87 S 40.869140 5.029297 39.135740 0.000000 43.481450 46.728520 2.587891 54.199220 -0.264495 E
S 88 S 41.723630 4.370117 38.745120 0.000000 43.872070 46.679690 2.465820 52.905270 -6.058774 E
S 89 S 42.382810 4.980469 39.648440 0.000000 43.603520 46.215820 2.441406 52.343750 -6.058774 E
S 90 S 42.431640 4.443359 39.648440 0.000000 43.579100 46.240230 2.294922 52.197270 -8.469811 E
S 91 S 42.382810 4.736328 39.111330 0.000000 43.457030 46.240230 2.148438 51.977540 -9.430920 E
S 92 S 43.652340 4.565430 39.892580 0.000000 42.773440 45.263670 2.270508 51.147460 -14.201450 E
S 93 S 43.408200 4.199219 38.964840 0.000000 42.773440 45.361330 2.148438 50.830080 -14.201450 E
S 94 S 43.969730 3.906250 39.697270 0.000000 42.749020 45.043950 2.221680 50.463870 -16.009220 E
S 95 S 52.172850 3.588867 40.991210 0.000000 38.891600 40.429690 1.464844 42.016600 -180.000000 E
S 96 S 52.270510 3.857422 40.917970 0.000000 38.891600 40.112300 1.367188 41.870120 -180.000000 E
S 97 S 52.148440 3.540039 39.990230 0.000000 38.452150 39.721680 1.245117 40.795900 -180.000000 E
S 98 S 51.074220 3.564453 39.624020 0.000000 38.330080 39.941410 1.342773 41.210940 -180.000000 E
S 99 S 51.171880 3.710938 39.208980 0.000000 38.085940 39.892580 1.269531 40.893550 -180.000000 E
S 100 S 49.902340 3.540039 38.403320 0.000000 38.281250 40.014650 1.196289 41.333010 -180.000000 E
S 101 S 49.145510 3.564453 36.914060 0.000000 38.232420 40.136720 1.171875 41.625980 -180.000000 E
S 102 S 47.241210 3.540039 35.522460 0.000000 38.500980 40.747070 1.074219 42.236330 -180.000000 E
S 103 S 45.312500 3.320313 33.496090 0.000000 39.013670 42.016600 1.123047 43.603520 -180.000000 E
S 104 S 43.920900 3.125000 32.104490 0.000000 39.233400 42.773440 1.416016 44.262700 -180.000000 E
S 105 S 41.528320 3.100586 30.200200 0.000000 39.648440 43.725590 1.367188 45.605470 -180.000000 E
S 106 S 39.916990 3.320313 27.758790 0.000000 39.892580 44.482420 1.318359 46.728520 -180.000000 E
S 107 S 37.597660 3.149414 24.829100 0.000000 39.941410 45.556640 1.269531 48.168950 -180.000000 E
S 108 S 33.886720 4.028320 19.409180 0.000000 40.063480 47.705080 1.171875 50.756840 -180.000000 E
S 109 S 32.299800 4.833984 16.186520 0.000000 39.770510 49.169920 1.318359 52.294920 -180.000000 E
S 110 S 30.200200 6.201172 12.426760 0.000000 39.379880 50.659180 1.464844 53.881840 -180.000000 E
S 111 S 28.417970 8.593750 8.642578 0.000000 38.549800 51.953130 1.708984 55.419920 -180.000000 E
S 112 S 27.026370 11.645510 5.200195 0.000000 37.597660 53.295900 1.977539 56.250000 -180.000000 E
S 113 S 25.317380 20.190430 1.733398 0.000000 33.837890 55.468750 4.003906 57.470700 -180.000000 E
S 114 S 24.023440 24.633790 2.319336 0.000000 31.884770 56.054690 5.419922 57.348630 -180.000000 E
S 115 S 24.877930 29.370120 4.614258 0.000000 29.907230 56.250000 7.324219 56.689450 -180.000000 E
S 116 S 24.755860 34.106450 7.934570 0.000000 27.270510 55.737300 9.790039 54.492190 -180.000000 E
S 117 S 25.488280 38.793950 11.303710 0.000000 24.755860 54.956050 12.280270 52.319340 -180.000000 E
S 118 S 27.172850 44.653320 14.355470 0.000000 21.289060 51.879880 15.112300 46.557620 -180.000000 E
S 119 S 28.540040 47.436520 15.551760 0.000000 19.287110 49.243160 16.186520 43.164060 -180.000000 E
S 120 S 29.345700 49.609380 16.162110 0.000000 17.651370 46.093750 16.503910 39.306640 -180.000000 E
S 121 S 30.810550 50.976560 16.040040 0.000000 16.186520 42.675780 15.771480 35.400390 -180.000000 E
S 122 S 32.055660 51.513670 15.576170 0.000000 14.428710 39.233400 15.136720 31.787110 -180.000000 E
S 123 S 33.081050 50.610350 13.989260 0.000000 11.962890 32.983400 13.208010 25.708010 -180.000000 E
S 124 S 34.448240 48.461910 11.791990 0.000000 9.521484 26.513670 10.864260 19.580080 -180.000000 E
S 125 S 34.399410 46.459960 10.400390 0.000000 8.374023 23.437500 9.521484 16.918950 -180.000000 E
S 126 S 34.399410 43.750000 8.789063 0.000000 7.470703 20.654300 7.983398 14.892580 -180.000000 E
S 127 S 34.765630 41.821290 7.690430 0.000000 6.640625 18.041990 6.469727 12.915040 -180.000000 E
S 128 S 24.365230 17.749020 1.269531 0.000000 1.660156 3.051758 1.074219 2.148438 -180.000000 E
S 129 S 18.359380 9.033203 0.952148 0.000000 0.781250 1.049805 0.512695 0.854492 -180.000000 E
S 130 S 18.041990 8.691406 1.049805 0.000000 0.683594 1.025391 0.610352 0.830078 -180.000000 E
S 131 S 17.773440 8.276367 0.878906 0.000000 0.805664 0.903320 0.634766 0.732422 -180.000000 E
S 132 S 17.944340 7.397461 0.927734 0.000000 0.634766 0.952148 0.708008 0.854492 -180.000000 E
S 133 S 17.749020 6.982422 0.952148 0.000000 0.708008 0.854492 0.659180 0.830078 -180.000000 E
S 134 S 16.723630 6.884766 0.976563 0.000000 0.585938 0.903320 0.708008 0.708008 -180.000000 E
S 135 S 16.625980 6.713867 1.000977 0.000000 0.610352 0.805664 0.732422 0.683594 -180.000000 E
S 136 S 17.187500 6.176758 0.878906 0.000000 0.683594 0.708008 0.708008 0.659180 -180.000000 E
S 137 S 17.309570 5.517578 0.878906 0.000000 0.537109 0.756836 0.756836 0.878906 -180.000000 E
S 138 S 30.590820 3.686523 3.051758 0.000000 0.634766 0.634766 0.756836 0.976563 -180.000000 E
S 139 S 33.666990 3.442383 3.662109 0.000000 0.756836 0.537109 0.561523 0.854492 -180.000000 E
S 140 S 36.157230 2.954102 4.418945 0.000000 0.512695 0.854492 0.537109 1.171875 -180.000000 E
S 141 S 38.378910 2.954102 4.882813 0.000000 0.952148 0.781250 0.781250 1.049805 -180.000000 E
S 142 S 40.991210 2.441406 6.103516 0.000000 0.830078 0.781250 0.708008 0.878906 -180.000000 E
S 143 S 43.676760 2.075195 7.299805 0.000000 0.634766 1.049805 0.610352 0.952148 -180.000000 E
S 144 S 47.045900 1.977539 8.496094 0.000000 0.805664 1.025391 0.708008 1.000977 -180.000000 E
S 145 S 52.246090 1.391602 11.254880 0.000000 1.123047 0.927734 0.659180 1.171875 -180.000000 E
S 146 S 55.810550 1.367188 12.695310 0.000000 1.196289 0.878906 0.805664 1.098633 -180.000000 E
S 147 S 59.716800 1.440430 14.453130 0.000000 1.538086 0.927734 0.756836 1.074219 -180.000000 E
S 148 S 63.110350 1.123047 16.821290 0.000000 1.611328 1.342773 0.830078 1.147461 -114.935100 E
S 149 S 66.821290 1.074219 19.873050 0.000000 1.806641 1.342773 0.781250 1.342773 -152.386600 E
S 150 S 75.146480 1.367188 27.612300 0.000000 3.002930 2.050781 0.805664 2.001953 -126.707600 E
S 151 S 78.295900 2.294922 30.810550 0.000000 3.881836 2.246094 0.756836 2.197266 -110.080700 E
S 152 S 81.127930 3.369141 34.985350 0.000000 4.663086 2.880859 0.830078 3.027344 -110.080700 E
S 153 S 83.300780 4.687500 39.038090 0.000000 5.566406 3.613281 0.805664 3.808594 -85.059510 E
S 154 S 84.936520 6.933594 42.968750 0.000000 6.762695 3.662109 0.830078 4.443359 -85.059510 E
S 155 S 85.620120 10.693360 49.780270 0.000000 8.764648 4.711914 1.000977 6.298828 -45.094990 E
S 156 S 84.643550 12.573240 53.247070 0.000000 10.375980 5.395508 1.220703 7.592773 -4.773225 E
S 157 S 83.178710 14.501950 56.201170 0.000000 11.767580 6.298828 1.293945 9.204102 48.137490 E
S 158 S 81.762700 15.942380 58.886720 0.000000 13.574220 7.226563 1.489258 10.986330 48.137490 E
S 159 S 79.614260 17.578130 61.230470 0.000000 15.307620 8.203125 1.953125 12.573240 62.301990 E
S 160 S 76.904300 18.725590 62.915040 0.000000 17.065430 9.130859 2.465820 14.575200 62.301990 E
S 161 S 72.436520 20.458980 64.697270 0.000000 19.750980 10.253910 3.491211 17.797850 81.925330 E
S 162 S 68.896480 20.483400 64.721680 0.000000 21.606450 11.303710 4.125977 19.262700 74.624900 E
S 163 S 65.893550 20.312500 63.964840 0.000000 23.339840 12.670900 4.711914 21.606450 82.400410 E
S 164 S 61.718750 20.092770 62.890630 0.000000 24.853520 14.013670 5.493164 24.243160 82.400410 E
S 165 S 55.712890 19.409180 60.327150 0.000000 27.880860 16.137700 6.933594 28.808590 83.494640 E
S 166 S 51.269530 18.579100 58.154300 0.000000 30.688480 18.579100 7.519531 32.568360 89.102460 E
S 167 S 48.706050 17.993160 56.738280 0.000000 31.835940 20.117190 8.203125 35.083010 87.654820 E
S 168 S 46.411130 17.602540 55.200200 0.000000 32.934570 21.240230 8.862305 37.133790 76.443210 E
S 169 S 44.628910 16.845700 53.369140 0.000000 33.666990 22.314450 8.911133 39.086910 76.443210 E
S 170 S 42.236330 16.040040 51.708980 0.000000 34.497070 23.852540 8.886719 40.844730 61.065620 E
S 171 S 34.667970 7.592773 38.085940 0.000000 40.795900 37.866210 7.299805 56.811520 84.700160 E
S 172 S 32.470700 2.880859 32.275390 0.000000 39.819340 41.528320 3.344727 52.270510 25.245660 E
S 173 S 32.666020 2.783203 32.568360 0.000000 39.941410 41.748050 3.149414 51.660160 22.070150 E
S 174 S 33.447270 2.758789 32.812500 0.000000 39.941410 41.723630 2.709961 50.292970 2.437369 E
S 175 S 33.642580 2.709961 32.592770 0.000000 39.721680 41.406250 2.685547 48.388670 2.437369 E
S 176 S 34.448240 2.392578 32.275390 0.000000 38.574220 40.551760 2.050781 46.166990 -10.143910 E
S 177 S 35.205080 2.246094 32.324220 0.000000 37.792970 39.550780 1.831055 44.140630 -21.562150 E
S 178 S 35.717770 2.172852 32.299800 0.000000 37.451170 38.989260 1.806641 42.749020 -21.562150 E
S 179 S 36.669920 2.124023 32.739260 0.000000 37.036130 38.769530 1.831055 41.430660 -22.660330 E
S 180 S 37.280270 1.879883 32.983400 0.000000 36.694340 38.769530 1.635742 40.893550 -15.583600 E
S 181 S 37.963870 2.221680 33.056640 0.000000 36.132810 38.159180 1.635742 39.477540 -15.583600 E
S 182 S 39.208980 2.172852 32.568360 0.000000 34.619140 36.083980 1.342773 36.059570 -30.982520 E
S 183 S 39.843750 1.953125 32.275390 0.000000 33.837890 35.375980 1.464844 35.131840 -42.445930 E
S 184 S 40.429690 2.197266 32.690430 0.000000 33.325200 34.643550 1.538086 33.642580 -51.744720 E
S 185 S 42.163090 2.294922 33.593750 0.000000 32.812500 34.399410 1.513672 32.543950 -51.744720 E
S 186 S 42.724610 2.246094 33.740230 0.000000 32.031250 33.715820 1.562500 31.298830 -57.947490 E
S 187 S 44.677730 2.392578 33.642580 0.000000 30.224610 31.445310 1.440430 28.125000 -64.653690 E
S 188 S 45.336910 2.514648 33.447270 0.000000 29.638670 30.541990 1.416016 27.026370 -72.763060 E
S 189 S 46.557620 2.587891 33.715820 0.000000 28.955080 29.614260 1.464844 25.463870 -91.643570 E
S 190 S 47.314450 2.783203 33.618160 0.000000 28.271480 29.101560 1.416016 24.780270 -91.643570 E
S 191 S 48.217770 2.905273 33.740230 0.000000 27.758790 28.686520 1.367188 24.194340 -88.066130 E
S 192 S 49.243160 3.051758 33.544920 0.000000 26.635740 27.270510 1.318359 22.485350 -87.527610 E
S 193 S 49.658200 2.978516 33.422850 0.000000 25.903320 26.464840 1.464844 21.240230 -87.527610 E
S 194 S 50.122070 3.198242 33.300780 0.000000 25.463870 26.049800 1.367188 20.898440 -89.459670 E
S 195 S 50.756840 3.125000 33.569340 0.000000 25.024410 25.537110 1.562500 20.141600 -93.081920 E
S 196 S 51.440430 3.076172 34.008790 0.000000 24.682620 25.244140 1.440430 19.677730 -93.081920 E
S 197 S 52.026370 3.247070 33.935550 0.000000 24.389650 24.682620 1.660156 18.945310 -91.482810 E
S 198 S 51.757810 3.027344 33.959960 0.000000 24.243160 24.438480 1.513672 18.676760 -68.786130 E
S 199 S 51.635740 3.051758 34.423830 0.000000 24.340820 24.267580 1.513672 18.774410 -68.786130 E
S 200 S 51.977540 2.954102 34.814450 0.000000 24.145510 24.169920 1.440430 18.676760 -65.919740 E
S 201 S 51.953130 3.247070 34.863280 0.000000 24.169920 24.169920 1.293945 18.188480 -67.834630 E
S 202 S 51.464840 2.783203 35.107420 0.000000 24.291990 24.609380 1.586914 18.701170 -54.623550 E
S 203 S 51.171880 2.636719 34.960940 0.000000 24.609380 24.365230 1.489258 19.042970 -54.623550 E
S 204 S 50.781250 2.392578 35.375980 0.000000 24.853520 24.560550 1.635742 18.774410 -47.423600 E
S 205 S 50.415040 2.246094 35.546880 0.000000 24.902340 24.511720 1.489258 19.262700 -47.423600 E
S 206 S 49.853520 2.246094 35.693360 0.000000 25.170900 25.048830 1.684570 19.506840 -43.884480 E
S 207 S 49.951170 2.001953 36.328130 0.000000 25.292970 25.146480 1.635742 19.653320 -39.357070 E
S 208 S 49.877930 1.977539 36.572270 0.000000 25.805660 25.195310 1.660156 20.166020 -37.893110 E
S 209 S 49.658200 1.684570 36.669920 0.000000 26.049800 25.708010 1.635742 20.410160 -30.514160 E
S 210 S 49.584960 1.635742 37.060550 0.000000 26.342770 25.952150 1.513672 20.898440 -30.514160 E
S 211 S 49.658200 1.782227 37.402340 0.000000 26.489260 26.049800 1.391602 21.313480 -24.571680 E
S 212 S 49.780270 1.757813 37.744140 0.000000 26.782230 25.756840 1.562500 21.191410 -24.571680 E
S 213 S 54.003910 1.782227 41.918950 0.000000 28.125000 26.220700 1.660156 22.875980 -44.553860 E
S 214 S 64.892580 2.612305 48.974610 0.000000 28.930660 25.708010 1.464844 24.096680 -67.712810 E
S 215 S 66.723630 2.856445 50.195310 0.000000 29.296880 25.488280 1.464844 23.925780 -69.263840 E
S 216 S 68.530270 3.320313 51.660160 0.000000 29.516600 25.390630 1.464844 24.316410 -69.263840 E
S 217 S 70.385740 3.735352 52.807620 0.000000 29.858400 25.415040 1.513672 24.243160 -70.377540 E
S 218 S 74.023440 4.467773 55.371090 0.000000 30.493160 26.196290 1.513672 25.341800 -63.790730 E
S 219 S 76.293950 5.175781 57.104490 0.000000 30.957030 26.611330 1.513672 26.074220 -62.033200 E
S 220 S 78.515630 5.859375 58.911130 0.000000 31.640630 26.269530 1.684570 26.147460 -62.033200 E
S 221 S 81.445310 6.689453 61.132810 0.000000 32.250980 26.660160 1.708984 27.124020 -70.005680 E
S 222 S 84.667970 7.690430 63.159180 0.000000 32.885740 27.294920 1.831055 27.832030 -70.005680 E
S 223 S 89.501950 10.180660 67.163090 0.000000 34.448240 28.344730 2.050781 29.809570 -51.082650 E
S 224 S 94.775390 12.255860 70.849610 0.000000 35.498050 28.784180 2.343750 31.103520 -41.280110 E
S 225 S 98.925780 13.769530 73.535160 0.000000 36.816410 30.004880 2.416992 32.446290 -34.662630 E
S 226 S 99.975590 15.551760 76.611330 0.000000 37.915040 30.932620 2.709961 33.422850 -34.662630 E
S 227 S 99.975590 17.407230 79.785160 0.000000 39.111330 31.933590 2.587891 34.838870 -25.737630 E
S 228 S 99.975590 20.410160 85.717770 0.000000 41.186520 33.056640 3.125000 36.889650 -15.939720 E
S 229 S 99.975590 22.656250 89.648440 0.000000 42.651370 34.155270 3.198242 38.134770 -8.271643 E
S 230 S 99.975590 24.853520 93.798830 0.000000 43.945310 35.449220 3.564453 40.112300 -8.271643 E
S 231 S 99.975590 27.416990 98.461910 0.000000 45.336910 36.303710 3.808594 41.455080 -8.620163 E
S 232 S 99.975590 29.809570 99.975590 0.000000 46.826170 37.060550 4.125977 42.333980 -8.620163 E
S 233 S 99.975590 31.811520 99.975590 0.000000 48.437500 38.256840 4.467773 43.896480 -10.389620 E
S 234 S 99.975590 35.253910 99.975590 0.000000 51.611330 40.942380 4.858398 47.631840 -12.178950 E
S 235 S 99.975590 36.621090 99.975590 0.000000 53.393550 41.992190 5.444336 48.974610 -17.755730 E
S 236 S 99.975590 37.280270 99.975590 0.000000 55.175780 43.432620 5.859375 50.756840 -17.755730 E
S 237 S 99.975590 37.841800 99.975590 0.000000 57.788090 46.044920 6.005859 53.247070 -20.930980 E
S 238 S 99.975590 37.377930 99.975590 0.000000 59.936520 48.583980 5.932617 55.615230 -180.000000 E
S 239 S 99.975590 34.594730 99.975590 0.000000 63.769530 52.465820 5.981445 58.227540 -180.000000 E
S 240 S 99.975590 30.957030 99.975590 0.000000 65.722660 54.931640 5.859375 59.497070 -180.000000 E
S 241 S 99.975590 26.440430 99.975590 0.000000 66.723630 57.373050 5.590820 60.913090 -180.000000 E
S 242 S 99.975590 21.435550 99.975590 0.000000 67.358400 58.984380 5.175781 61.547850 -180.000000 E
S 243 S 99.975590 17.138670 99.975590 0.000000 67.749020 60.131840 4.858398 61.499020 -180.000000 E
S 244 S 99.975590 8.251953 93.798830 0.000000 66.503910 61.621090 4.174805 60.791020 -180.000000 E
S 245 S 99.975590 7.177734 90.258790 0.000000 65.747070 61.865230 4.003906 60.668950 -180.000000 E
S 246 S 99.975590 7.275391 86.401370 0.000000 64.868160 62.109380 3.955078 60.644530 -180.000000 E
S 247 S 99.975590 9.887695 79.736330 0.000000 63.208010 61.450200 3.906250 60.449220 -180.000000 E
S 248 S 99.975590 11.035160 77.758790 0.000000 62.719730 61.669920 3.955078 61.743160 -180.000000 E
S 249 S 99.975590 12.597660 73.925780 0.000000 61.743160 61.425780 3.833008 62.182620 -180.000000 E
S 250 S 99.975590 13.085940 72.338870 0.000000 61.621090 61.547850 3.759766 63.378910 -180.000000 E
S 251 S 99.975590 13.012700 71.166990 0.000000 61.767580 61.621090 3.955078 64.257810 -180.000000 E
S 252 S 99.975590 13.085940 69.750980 0.000000 61.791990 62.451170 3.881836 66.552730 -180.000000 E
S 253 S 99.975590 12.670900 67.724610 0.000000 61.889650 62.915040 4.150391 68.652340 -180.000000 E
S 254 S 99.975590 4.736328 41.552730 0.000000 32.934570 37.915040 11.352540 98.730470 -43.781010 E
S 255 S 83.569340 4.858398 22.851560 0.000000 14.990230 18.652340 5.419922 63.183590 -74.291380 E
S 256 S 80.615230 4.711914 21.118160 0.000000 13.549800 17.138670 4.638672 59.057620 -81.498010 E
S 257 S 77.319340 4.663086 19.580080 0.000000 12.353520 15.478520 4.516602 55.273440 -81.498010 E
S 258 S 73.779300 4.370117 17.993160 0.000000 10.937500 13.891600 4.028320 51.196290 -79.470650 E
S 259 S 69.311520 3.881836 15.991210 0.000000 8.984375 11.254880 3.491211 44.458010 -75.024660 E
S 260 S 66.430660 3.955078 14.477540 0.000000 7.836914 10.009770 3.222656 40.917970 -96.555250 E
S 261 S 61.132810 3.417969 12.500000 0.000000 6.176758 7.666016 2.954102 33.984380 -97.188940 E
S 262 S 58.520510 3.222656 11.523440 0.000000 5.395508 6.884766 2.832031 30.786130 -97.188940 E
S 263 S 56.103520 3.198242 10.644530 0.000000 4.760742 5.639648 2.270508 26.708980 -103.555600 E
S 264 S 53.710940 3.076172 9.472656 0.000000 3.930664 4.858398 2.172852 23.901370 -103.555600 E
S 265 S 49.365230 2.783203 7.958984 0.000000 2.832031 3.466797 2.099609 17.822270 -99.620890 E
S 266 S 47.290040 2.612305 7.226563 0.000000 2.246094 3.076172 1.806641 14.770510 -135.518900 E
S 267 S 45.385740 2.612305 6.298828 0.000000 2.099609 2.441406 1.635742 12.548830 -72.141200 E
S 268 S 43.334960 2.587891 5.688477 0.000000 1.831055 2.441406 1.391602 10.400390 -72.141200 E
S 269 S 41.210940 2.709961 5.249023 0.000000 1.611328 2.050781 1.416016 8.569336 -36.047480 E
S 270 S 32.812500 2.807617 2.587891 0.000000 0.903320 1.611328 0.854492 2.514648 85.403500 E
S 271 S 30.908200 3.027344 2.148438 0.000000 0.830078 1.708984 1.000977 2.270508 85.403500 E
S 272 S 28.857420 3.051758 1.855469 0.000000 0.854492 1.513672 0.805664 2.026367 114.193800 E
S 273 S 26.538090 3.222656 1.464844 0.000000 0.878906 1.635742 0.781250 2.026367 114.193800 E
S 274 S 23.632810 3.491211 1.171875 0.000000 0.927734 1.513672 0.781250 2.221680 3.138204 E
S 275 S 19.995120 3.515625 0.976563 0.000000 0.952148 1.562500 0.610352 2.441406 0.886908 E
S 276 S 14.331050 3.540039 1.000977 0.000000 1.000977 1.928711 0.756836 3.344727 -0.985195 E
S 277 S 10.864260 3.564453 1.000977 0.000000 1.074219 2.026367 0.830078 3.198242 -0.985195 E
S 278 S 7.128906 3.369141 1.245117 0.000000 1.147461 2.124023 0.708008 3.637695 -18.098920 E
S 279 S 4.589844 2.807617 1.318359 0.000000 1.269531 2.172852 0.805664 4.101563 -18.098920 E
S 280 S 3.002930 2.416992 1.684570 0.000000 1.147461 2.294922 0.756836 4.638672 -45.218480 E
S 281 S 1.416016 1.831055 1.953125 0.000000 1.611328 2.392578 0.708008 4.858398 -79.389660 E
S 282 S 1.293945 1.538086 2.124023 0.000000 1.635742 2.612305 0.830078 4.931641 -66.113360 E
S 283 S 1.660156 1.196289 2.392578 0.000000 1.806641 2.685547 0.683594 5.249023 -66.113360 E
S 284 S 2.148438 0.830078 2.221680 0.000000 2.001953 2.807617 0.781250 5.468750 -104.232400 E
S 285 S 3.149414 0.781250 2.416992 0.000000 1.806641 2.905273 0.830078 5.883789 -94.146910 E
S 286 S 4.052734 0.634766 2.319336 0.000000 1.757813 2.978516 0.659180 5.737305 -94.146910 E
S 287 S 5.078125 0.561523 2.758789 0.000000 1.977539 3.393555 0.537109 6.811523 -34.392040 E
S 288 S 5.737305 0.708008 2.270508 0.000000 2.050781 3.125000 0.903320 5.737305 -36.239170 E
S 289 S 5.932617 0.708008 2.099609 0.000000 2.124023 2.807617 0.781250 5.346680 -35.506000 E
S 290 S 5.957031 0.683594 2.148438 0.000000 2.001953 2.612305 1.000977 4.931641 -12.578740 E
S 291 S 5.908203 0.585938 2.124023 0.000000 1.879883 2.416992 0.756836 4.638672 -12.578740 E
S 292 S 6.176758 0.756836 1.782227 0.000000 1.708984 2.148438 0.854492 3.906250 78.485100 E
S 293 S 6.225586 0.683594 1.513672 0.000000 1.684570 1.977539 0.756836 3.417969 114.505200 E
S 294 S 6.250000 0.927734 1.855469 0.000000 1.708984 1.806641 0.952148 3.100586 114.505200 E
S 295 S 6.127930 0.830078 1.782227 0.000000 1.635742 1.660156 0.927734 2.636719 135.670100 E
S 296 S 5.981445 0.952148 1.660156 0.000000 1.440430 1.489258 0.927734 2.124023 150.618500 E
S 297 S 5.932617 0.976563 1.562500 0.000000 1.416016 1.464844 0.927734 1.708984 150.618500 E
S 298 S 1.928711 1.562500 0.756836 0.000000 0.537109 5.175781 2.246094 15.869140 101.117600 E
S 299 S 0.781250 1.611328 1.611328 0.000000 6.884766 37.817380 18.774410 61.547850 100.915300 E
S 300 S 0.878906 2.807617 2.514648 0.000000 8.349609 43.237300 21.899410 67.089840 144.641800 E
S 301 S 1.245117 5.102539 3.710938 0.000000 9.741211 48.510740 25.073240 71.118160 144.641800 E
S 302 S 1.318359 8.789063 6.347656 0.000000 10.717770 52.563480 28.906250 71.850590 133.511600 E
S 303 S 1.977539 16.088870 11.083980 0.000000 13.305660 60.205080 32.641600 74.047850 -180.000000 E
S 304 S 2.709961 20.605470 12.988280 0.000000 14.819340 63.769530 34.765630 76.977540 -180.000000 E
S 305 S 2.880859 26.147460 17.309570 0.000000 15.673830 66.479490 36.425780 73.120120 -180.000000 E
S 306 S 2.880859 33.081050 21.875000 0.000000 15.917970 67.675780 38.427730 71.704100 -180.000000 E
S 307 S 3.027344 39.453130 26.245120 0.000000 16.284180 67.797850 38.256840 67.260740 -180.000000 E
S 308 S 2.734375 49.658200 32.250980 0.000000 15.283200 63.500980 36.572270 57.934570 -180.000000 E
S 309 S 1.928711 54.150390 35.107420 0.000000 13.769530 58.984380 35.034180 52.294920 -180.000000 E
S 310 S 1.489258 56.420900 35.571290 0.000000 12.475590 54.150390 32.031250 46.484380 -180.000000 E
S 311 S 1.269531 58.837890 35.546880 0.000000 11.523440 49.047850 28.833010 41.186520 -180.000000 E
S 312 S 1.049805 59.130860 35.546880 0.000000 9.643555 43.896480 26.123050 36.083980 -180.000000 E
S 313 S 0.756836 55.590820 32.543950 0.000000 6.738281 34.594730 21.215820 27.807620 -180.000000 E
S 314 S 0.756836 51.977540 28.906250 0.000000 5.346680 29.150390 17.797850 22.705080 -180.000000 E
S 315 S 0.756836 47.827150 25.415040 0.000000 4.492188 24.707030 14.550780 20.019530 -180.000000 E
S 316 S 0.708008 43.750000 23.095700 0.000000 3.588867 20.190430 11.914060 15.795900 -180.000000 E
S 317 S 0.756836 39.062500 19.433590 0.000000 2.709961 16.479490 9.448242 13.525390 -180.000000 E
S 318 S 0.708008 34.741210 15.942380 0.000000 2.124023 12.695310 7.202148 10.449220 -180.000000 E
S 319 S 0.683594 30.395510 12.939450 0.000000 1.562500 9.375000 5.273438 7.324219 -180.000000 E
S 320 S 0.756836 26.879880 11.108400 0.000000 1.147461 7.006836 4.028320 5.517578 -180.000000 E
S 321 S 0.659180 23.754880 8.886719 0.000000 0.756836 5.200195 3.002930 4.003906 -180.000000 E
S 322 S 0.708008 20.825200 7.031250 0.000000 0.732422 3.662109 2.050781 2.954102 -180.000000 E
S 323 S 0.830078 18.554690 6.176758 0.000000 0.683594 2.612305 1.562500 2.124023 -180.000000 E
S 324 S 0.585938 15.185550 4.296875 0.000000 0.512695 1.416016 0.952148 1.245117 -180.000000 E
S 325 S 0.805664 13.696290 4.003906 0.000000 0.830078 1.123047 1.025391 0.854492 -180.000000 E
S 326 S 0.732422 12.475590 3.417969 0.000000 0.488281 0.854492 0.756836 0.805664 -180.000000 E
S 327 S 0.634766 11.425780 2.905273 0.000000 0.610352 0.732422 0.708008 0.537109 -180.000000 E
S 328 S 0.756836 9.863281 2.392578 0.000000 0.512695 0.512695 0.659180 0.634766 -180.000000 E
S 329 S 0.830078 8.178711 1.806641 0.000000 0.463867 0.610352 0.781250 0.610352 -180.000000 E
S 330 S 0.488281 6.860352 1.733398 0.000000 0.610352 0.561523 0.976563 0.463867 -180.000000 E
S 331 S 0.366211 6.396484 1.660156 0.000000 0.537109 0.585938 0.781250 0.537109 -180.000000 E
S 332 S 0.512695 5.664063 1.586914 0.000000 0.512695 0.610352 0.634766 0.781250 -180.000000 E
S 333 S 0.561523 4.785156 1.513672 0.000000 0.439453 0.756836 0.610352 0.830078 -180.000000 E
S 334 S 0.488281 4.345703 1.220703 0.000000 0.341797 0.683594 0.585938 0.805664 -180.000000 E
S 335 S 0.781250 4.150391 0.927734 0.000000 0.488281 0.683594 0.439453 0.610352 -180.000000 E
S 336 S 1.416016 4.077148 0.659180 0.000000 0.561523 0.512695 0.732422 0.512695 -180.000000 E
S 337 S 3.857422 1.367188 0.708008 0.000000 0.585938 0.952148 0.537109 1.147461 -180.000000 E
S 338 S 3.613281 1.513672 0.805664 0.000000 1.000977 0.878906 0.610352 1.196289 -180.000000 E
S 339 S 3.466797 1.293945 0.708008 0.000000 0.708008 0.878906 0.659180 1.123047 -180.000000 E
S 340 S 2.221680 0.585938 0.708008 0.000000 0.683594 0.732422 0.585938 0.903320 -180.000000 E
S 341 S 1.831055 0.512695 0.659180 0.000000 0.585938 0.659180 0.585938 0.976563 -180.000000 E
S 342 S 1.782227 0.610352 0.830078 0.000000 0.659180 0.708008 0.708008 0.952148 -180.000000 E
S 343 S 1.562500 0.463867 0.708008 0.000000 0.585938 0.708008 0.439453 0.976563 -180.000000 E
S 344 S 1.708984 0.683594 0.585938 0.000000 0.463867 0.683594 0.561523 0.903320 -180.000000 E
S 345 S 1.660156 0.537109 0.732422 0.000000 0.659180 0.634766 0.537109 0.903320 -180.000000 E
S 346 S 1.757813 0.585938 0.561523 0.000000 0.585938 0.756836 0.708008 0.927734 -180.000000 E
S 347 S 1.782227 0.537109 0.756836 0.000000 0.585938 0.756836 0.610352 1.025391 -180.000000 E
S 348 S 1.660156 0.512695 0.756836 0.000000 0.659180 0.732422 0.805664 0.952148 -180.000000 E
S 349 S 1.391602 0.488281 0.634766 0.000000 0.634766 0.732422 0.659180 0.878906 -180.000000 E
S 350 S 1.489258 0.561523 0.805664 0.000000 0.634766 0.585938 0.781250 0.854492 -180.000000 E
S 351 S 1.416016 0.634766 0.854492 0.000000 0.683594 0.732422 0.659180 0.878906 -180.000000 E
S 352 S 1.611328 0.537109 0.830078 0.000000 0.732422 0.659180 0.610352 1.025391 -180.000000 E
S 353 S 1.831055 0.659180 0.756836 0.000000 0.488281 0.732422 0.537109 1.000977 -180.000000 E
S 354 S 1.635742 0.561523 0.756836 0.000000 0.537109 0.634766 0.610352 1.098633 -180.000000 E
S 355 S 1.489258 0.610352 0.854492 0.000000 0.585938 0.683594 0.488281 1.000977 -180.000000 E
S 356 S 1.660156 0.488281 0.732422 0.000000 0.659180 0.610352 0.610352 1.123047 -180.000000 E
S 357 S 1.635742 0.634766 0.708008 0.000000 0.683594 0.610352 0.561523 1.000977 -180.000000 E
S 358 S 1.611328 0.561523 0.683594 0.000000 0.805664 0.683594 0.585938 1.098633 -180.000000 E
S 359 S 1.586914 0.537109 0.561523 0.000000 0.903320 0.732422 0.585938 0.976563 -180.000000 E
S 360 S 1.611328 0.537109 0.537109 0.000000 0.708008 0.610352 0.732422 1.074219 -180.000000 E
S 361 S 1.635742 0.488281 0.903320 0.000000 0.561523 0.756836 0.585938 1.171875 -180.000000 E
S 362 S 1.733398 0.610352 0.756836 0.000000 0.683594 0.805664 0.634766 1.196289 -180.000000 E
S 363 S 1.635742 0.463867 0.634766 0.000000 0.756836 0.585938 0.488281 1.220703 -180.000000 E
S 364 S 1.538086 0.512695 0.805664 0.000000 0.659180 0.756836 0.683594 1.220703 -180.000000 E
S 365 S 1.440430 0.561523 0.903320 0.000000 0.732422 0.732422 0.537109 1.171875 -180.000000 E
S 366 S 1.562500 0.537109 0.830078 0.000000 0.732422 0.708008 0.537109 1.171875 -180.000000 E
S 367 S 1.684570 0.512695 0.805664 0.000000 0.781250 0.708008 0.634766 1.196289 -180.000000 E
S 368 S 1.538086 0.610352 0.854492 0.000000 0.732422 0.854492 0.659180 1.269531 -180.000000 E
S 369 S 1.513672 0.488281 0.781250 0.000000 0.634766 0.854492 0.561523 1.367188 -180.000000 E
S 370 S 1.538086 0.537109 0.781250 0.000000 0.781250 0.756836 0.512695 1.342773 -180.000000 E
S 371 S 1.733398 0.537109 0.659180 0.000000 0.708008 0.781250 0.659180 1.391602 -180.000000 E
S 372 S 1.806641 0.463867 0.878906 0.000000 0.805664 0.756836 0.708008 1.269531 -180.000000 E
S 373 S 1.538086 0.463867 0.952148 0.000000 0.610352 0.830078 0.634766 1.367188 -180.000000 E
S 374 S 1.660156 0.512695 0.781250 0.000000 0.683594 0.732422 0.585938 1.538086 -180.000000 E
S 375 S 1.635742 0.610352 0.878906 0.000000 0.756836 0.756836 0.585938 1.416016 -180.000000 E
S 376 S 1.562500 0.683594 0.878906 0.000000 0.830078 0.683594 0.659180 1.586914 -180.000000 E
S 377 S 1.416016 0.634766 0.756836 0.000000 0.878906 0.756836 0.634766 1.391602 -180.000000 E
S 378 S 1.660156 0.634766 0.708008 0.000000 0.634766 0.708008 0.659180 1.513672 -180.000000 E
S 379 S 1.562500 0.634766 0.878906 0.000000 0.756836 0.732422 0.830078 1.513672 -180.000000 E
S 380 S 1.416016 0.659180 0.854492 0.000000 0.659180 0.756836 0.732422 1.733398 -180.000000 E
S 381 S 1.416016 0.415039 0.854492 0.000000 0.659180 0.781250 0.683594 1.538086 -180.000000 E
S 382 S 1.562500 0.537109 0.756836 0.000000 0.732422 0.878906 0.756836 1.635742 -180.000000 E
S 383 S 1.562500 0.415039 0.903320 0.000000 0.732422 0.781250 0.585938 1.660156 -180.000000 E
S 384 S 1.586914 0.537109 1.049805 0.000000 0.708008 0.805664 0.659180 1.757813 -180.000000 E
S 385 S 1.708984 0.610352 0.952148 0.000000 0.830078 0.854492 0.610352 1.562500 -180.000000 E
S 386 S 1.440430 0.537109 1.098633 0.000000 0.878906 0.659180 0.732422 1.538086 -180.000000 E
S 387 S 1.513672 0.585938 0.952148 0.000000 0.683594 0.756836 0.854492 1.489258 -180.000000 E
S 388 S 1.440430 0.512695 1.196289 0.000000 0.537109 0.634766 0.732422 1.489258 -180.000000 E
S 389 S 1.440430 0.683594 1.074219 0.000000 0.878906 0.561523 0.708008 1.513672 -180.000000 E
S 390 S 1.464844 0.634766 1.147461 0.000000 0.732422 0.659180 0.585938 1.440430 -180.000000 E
S 391 S 1.635742 0.610352 1.098633 0.000000 0.781250 0.708008 0.732422 1.440430 -180.000000 E
S 392 S 1.464844 0.463867 1.025391 0.000000 0.756836 0.683594 0.756836 1.489258 -180.000000 E
S 393 S 1.586914 0.634766 1.196289 0.000000 0.732422 0.610352 0.781250 1.489258 -180.000000 E
S 394 S 1.489258 0.585938 1.123047 0.000000 0.878906 0.585938 0.756836 1.464844 -180.000000 E
S 395 S 1.440430 0.634766 0.976563 0.000000 0.708008 0.683594 0.708008 1.538086 -180.000000 E
S 396 S 1.464844 0.610352 1.147461 0.000000 0.830078 0.683594 0.708008 1.489258 -180.000000 E
S 397 S 1.464844 0.732422 1.147461 0.000000 0.756836 0.463867 0.805664 1.513672 -180.000000 E
S 398 S 1.416016 0.634766 1.220703 0.000000 0.732422 0.610352 0.732422 1.416016 -180.000000 E
S 399 S 1.464844 0.659180 1.245117 0.000000 0.756836 0.683594 0.756836 1.489258 -180.000000 E
S 400 S 1.416016 0.561523 1.025391 0.000000 0.659180 0.610352 0.683594 1.464844 -180.000000 E
S 401 S 1.464844 0.659180 1.098633 0.000000 0.878906 0.561523 0.683594 1.538086 -180.000000 E
S 402 S 1.318359 0.708008 1.147461 0.000000 0.708008 0.561523 0.659180 1.416016 -180.000000 E
S 403 S 1.342773 0.634766 1.220703 0.000000 0.610352 0.610352 0.756836 1.391602 -180.000000 E
S 404 S 1.342773 0.610352 1.171875 0.000000 0.634766 0.634766 0.805664 1.391602 -180.000000 E
S 405 S 1.293945 0.756836 1.074219 0.000000 0.659180 0.512695 0.561523 1.489258 -115.714300 E
S 406 S 1.391602 0.830078 1.196289 0.000000 0.878906 0.561523 0.732422 1.513672 -2.950119 E
S 407 S 1.513672 0.805664 1.293945 0.000000 0.830078 0.756836 0.878906 1.513672 -2.950119 E
S 408 S 1.513672 0.805664 1.464844 0.000000 1.049805 0.732422 0.854492 1.416016 10.706900 E
