S 0 S 99.975590 16.430660 79.492190 0.000000 46.508790 43.823240 2.856445 50.292970 -16.386360 E
S 1 S 99.975590 16.845700 79.614260 0.000000 46.826170 43.530270 2.807617 50.244140 -17.345450 E
S 2 S 99.975590 16.845700 79.638670 0.000000 46.801760 43.530270 2.758789 50.268550 -17.413190 E
S 3 S 99.975590 16.625980 79.541020 0.000000 46.704100 43.676760 2.734375 50.244140 -17.631540 E
S 4 S 99.975590 16.381840 79.394530 0.000000 46.435550 43.847660 2.783203 50.512700 -17.135000 E
S 5 S 99.975590 16.674800 79.394530 0.000000 46.777340 43.603520 2.587891 50.463870 -17.135000 E
S 6 S 99.975590 16.748050 79.248050 0.000000 46.752930 43.627930 2.832031 50.390630 -17.399640 E
S 7 S 99.975590 16.699220 79.345700 0.000000 46.630860 43.725590 2.856445 50.415040 -17.399640 E
S 8 S 99.975590 16.796880 79.541020 0.000000 46.801760 43.603520 2.758789 50.244140 -17.399640 E
S 9 S 99.975590 16.455080 79.467770 0.000000 46.679690 43.872070 2.709961 50.366210 -17.399640 E
S 10 S 99.975590 16.870120 79.101560 0.000000 46.801760 43.676760 2.856445 50.610350 -17.399640 E
S 11 S 99.975590 16.455080 79.516600 0.000000 46.582030 43.872070 2.783203 50.463870 -16.964280 E
S 12 S 99.975590 16.699220 79.125980 0.000000 46.801760 43.750000 2.758789 50.708010 -17.359000 E
S 13 S 99.975590 16.845700 79.467770 0.000000 47.045900 43.530270 2.661133 50.366210 -17.359000 E
S 14 S 99.975590 16.552730 79.443360 0.000000 46.777340 43.676760 2.734375 50.366210 -17.068180 E
S 15 S 99.975590 16.699220 79.199220 0.000000 46.704100 43.652340 2.734375 50.512700 -18.195600 E
S 16 S 99.975590 16.601560 79.248050 0.000000 46.728520 43.750000 2.783203 50.463870 -18.036350 E
S 17 S 99.975590 16.479490 79.467770 0.000000 46.655270 43.701170 2.734375 50.390630 -18.036350 E
S 18 S 99.975590 16.796880 79.199220 0.000000 46.533200 43.774410 2.758789 50.488280 -17.645110 E
S 19 S 99.975590 16.723630 79.052730 0.000000 46.752930 43.750000 2.783203 50.561520 -17.875500 E
S 20 S 99.975590 16.723630 79.345700 0.000000 46.850590 43.432620 2.880859 50.268550 -17.875500 E
S 21 S 99.975590 16.674800 79.443360 0.000000 46.875000 43.676760 2.758789 50.268550 -16.887320 E
S 22 S 99.975590 16.552730 79.296880 0.000000 46.582030 43.750000 2.734375 50.512700 -18.063550 E
S 23 S 99.975590 16.381840 79.418950 0.000000 46.728520 43.579100 2.807617 50.195310 -18.063550 E
S 24 S 99.975590 16.577150 79.467770 0.000000 46.899410 43.432620 2.734375 50.146480 -17.017380 E
S 25 S 99.975590 16.821290 79.541020 0.000000 46.923830 43.603520 2.758789 50.195310 -17.017380 E
S 26 S 99.975590 16.357420 79.467770 0.000000 46.630860 43.774410 2.734375 50.341800 -17.121620 E
S 27 S 99.975590 16.528320 79.467770 0.000000 46.752930 43.701170 2.758789 50.268550 -17.386080 E
S 28 S 99.975590 16.674800 79.492190 0.000000 46.948240 43.554690 2.636719 50.244140 -17.821150 E
S 29 S 99.975590 16.650390 79.150390 0.000000 46.752930 43.603520 2.856445 50.512700 -17.821150 E
S 30 S 99.975590 16.577150 79.345700 0.000000 46.850590 43.798830 2.783203 50.292970 -17.266840 E
S 31 S 99.975590 16.528320 79.248050 0.000000 46.704100 43.725590 2.734375 50.390630 -16.964280 E
S 32 S 99.975590 16.455080 79.345700 0.000000 46.679690 43.847660 2.832031 50.341800 -18.222790 E
S 33 S 99.975590 16.601560 79.443360 0.000000 46.752930 43.579100 2.709961 50.415040 -18.222790 E
S 34 S 99.975590 16.601560 79.345700 0.000000 46.728520 43.603520 2.563477 50.610350 -17.266840 E
S 35 S 99.975590 16.430660 79.345700 0.000000 46.533200 43.774410 2.783203 50.463870 -17.266840 E
S 36 S 99.975590 16.650390 79.467770 0.000000 46.704100 43.701170 2.758789 50.292970 -17.834730 E
S 37 S 99.975590 16.796880 79.028320 0.000000 46.899410 43.481450 2.734375 50.659180 -16.847740 E
S 38 S 99.975590 16.772460 79.541020 0.000000 46.826170 43.774410 2.685547 50.170900 -16.795040 E
S 39 S 99.975590 16.772460 79.101560 0.000000 47.045900 43.676760 2.734375 50.561520 -18.813800 E
S 40 S 99.975590 16.674800 79.467770 0.000000 46.801760 43.652340 2.758789 50.268550 -18.813800 E
S 41 S 99.975590 16.455080 79.565430 0.000000 46.508790 43.847660 2.856445 50.292970 -17.413190 E
S 42 S 99.975590 16.455080 79.467770 0.000000 46.752930 43.750000 2.783203 50.219730 -16.924470 E
S 43 S 99.975590 16.552730 79.589840 0.000000 46.801760 43.652340 2.807617 50.244140 -17.331920 E
S 44 S 99.975590 16.772460 79.394530 0.000000 46.752930 43.652340 2.856445 50.366210 -17.331920 E
S 45 S 99.975590 16.479490 79.296880 0.000000 46.533200 43.945310 2.661133 50.463870 -18.195600 E
S 46 S 99.975590 16.870120 79.541020 0.000000 46.826170 43.579100 2.905273 50.537110 -16.666520 E
S 47 S 99.975590 16.552730 79.541020 0.000000 46.826170 43.603520 2.661133 50.268550 -16.666520 E
S 48 S 99.975590 16.650390 79.345700 0.000000 46.533200 43.798830 2.856445 50.585940 -17.318390 E
S 49 S 99.975590 16.772460 79.248050 0.000000 46.777340 43.627930 2.758789 50.585940 -16.884690 E
S 50 S 99.975590 16.772460 79.150390 0.000000 46.850590 43.750000 2.685547 50.610350 -16.884690 E
S 51 S 99.975590 16.796880 79.296880 0.000000 46.826170 43.481450 2.832031 50.268550 -18.141310 E
S 52 S 99.975590 16.796880 79.296880 0.000000 46.752930 43.701170 2.807617 50.488280 -17.331920 E
S 53 S 99.975590 16.821290 79.418950 0.000000 46.606450 43.579100 2.612305 50.585940 -17.981990 E
S 54 S 99.975590 16.479490 79.589840 0.000000 46.508790 43.920900 2.758789 50.390630 -17.981990 E
S 55 S 99.975590 16.455080 79.614260 0.000000 46.484380 43.847660 2.612305 50.292970 -17.372540 E
S 56 S 99.975590 16.528320 79.565430 0.000000 46.533200 43.847660 2.832031 50.463870 -17.081540 E
S 57 S 99.975590 16.821290 79.296880 0.000000 46.875000 43.652340 2.661133 50.561520 -17.081540 E
S 58 S 99.975590 16.894530 79.467770 0.000000 46.875000 43.530270 2.709961 50.366210 -18.421330 E
S 59 S 99.975590 16.381840 79.663090 0.000000 46.679690 43.798830 2.709961 50.415040 -17.413190 E
S 60 S 99.975590 16.772460 79.589840 0.000000 46.777340 43.847660 2.807617 50.610350 -17.413190 E
S 61 S 99.975590 16.674800 79.248050 0.000000 46.655270 43.847660 2.661133 50.610350 -17.121620 E
S 62 S 99.975590 16.772460 79.687500 0.000000 46.997070 43.579100 2.783203 50.341800 -17.821150 E
S 63 S 99.975590 16.479490 79.345700 0.000000 46.533200 43.896480 2.612305 50.537110 -16.977540 E
S 64 S 99.975590 16.723630 79.418950 0.000000 46.777340 43.701170 2.612305 50.537110 -16.977540 E
S 65 S 99.975590 16.625980 79.492190 0.000000 46.704100 43.920900 2.709961 50.537110 -17.081540 E
S 66 S 99.975590 16.406250 79.589840 0.000000 46.655270 43.798830 2.636719 50.390630 -17.563750 E
S 67 S 99.975590 16.650390 79.492190 0.000000 46.875000 43.725590 2.807617 50.390630 -18.009150 E
S 68 S 99.975590 16.577150 79.418950 0.000000 46.435550 43.847660 2.734375 50.463870 -18.009150 E
S 69 S 99.975590 16.479490 79.638670 0.000000 46.606450 43.847660 2.709961 50.390630 -17.108260 E
S 70 S 99.975590 16.650390 79.370120 0.000000 46.728520 43.701170 2.807617 50.463870 -19.077400 E
S 71 S 99.975590 16.577150 79.687500 0.000000 46.606450 43.750000 2.807617 50.292970 -19.077400 E
S 72 S 99.975590 16.821290 79.418950 0.000000 46.826170 43.627930 2.880859 50.488280 -16.476780 E
S 73 S 99.975590 16.674800 79.492190 0.000000 46.679690 43.847660 2.807617 50.292970 -17.604400 E
S 74 S 99.975590 16.821290 79.248050 0.000000 46.899410 43.701170 2.832031 50.463870 -18.263630 E
S 75 S 99.975590 16.479490 79.614260 0.000000 46.899410 43.847660 2.807617 50.219730 -16.731970 E
S 76 S 99.975590 16.601560 79.541020 0.000000 46.899410 43.676760 2.661133 50.268550 -16.731970 E
S 77 S 99.975590 16.748050 79.516600 0.000000 46.923830 43.579100 2.734375 50.219730 -18.036350 E
S 78 S 99.975590 16.845700 79.418950 0.000000 46.826170 43.457030 2.832031 50.292970 -18.036350 E
S 79 S 99.975590 16.479490 79.443360 0.000000 46.606450 43.872070 2.905273 50.439450 -17.426750 E
S 80 S 99.975590 16.503910 79.541020 0.000000 46.582030 43.872070 2.734375 50.415040 -17.861910 E
S 81 S 99.975590 16.674800 79.248050 0.000000 46.777340 43.481450 2.709961 50.537110 -16.731970 E
S 82 S 99.975590 16.625980 79.199220 0.000000 46.777340 43.945310 2.783203 50.512700 -16.731970 E
S 83 S 99.975590 16.479490 79.589840 0.000000 46.826170 43.774410 2.587891 50.219730 -17.604400 E
S 84 S 99.975590 16.894530 79.077150 0.000000 46.826170 43.750000 2.734375 50.439450 -18.036350 E
S 85 S 99.975590 16.479490 79.516600 0.000000 46.801760 43.774410 2.709961 50.268550 -17.253380 E
S 86 S 99.975590 16.699220 79.492190 0.000000 46.606450 43.725590 2.758789 50.268550 -16.386360 E
S 87 S 99.975590 16.479490 79.443360 0.000000 46.630860 43.774410 2.807617 50.170900 -16.386360 E
S 88 S 99.975590 16.479490 79.443360 0.000000 46.557620 43.774410 2.758789 50.561520 -19.201790 E
S 89 S 99.975590 16.748050 79.516600 0.000000 46.801760 43.676760 2.783203 50.195310 -17.121620 E
S 90 S 99.975590 16.723630 79.443360 0.000000 46.533200 43.847660 2.709961 50.537110 -16.950990 E
S 91 S 99.975590 16.845700 79.223630 0.000000 46.801760 43.823240 2.758789 50.537110 -16.950990 E
S 92 S 99.975590 16.748050 79.492190 0.000000 46.801760 43.627930 2.758789 50.219730 -17.199590 E
S 93 S 99.975590 16.577150 79.443360 0.000000 46.508790 43.872070 2.758789 50.463870 -17.199590 E
S 94 S 99.975590 16.552730 79.174800 0.000000 46.557620 43.725590 2.685547 50.610350 -17.766860 E
S 95 S 99.975590 16.455080 79.272460 0.000000 46.533200 43.945310 2.734375 50.683590 -17.359000 E
S 96 S 99.975590 16.870120 79.394530 0.000000 46.875000 43.627930 2.758789 50.439450 -17.068180 E
S 97 S 99.975590 16.455080 79.516600 0.000000 46.484380 43.823240 2.954102 50.292970 -17.068180 E
S 98 S 99.975590 16.772460 79.248050 0.000000 46.704100 43.823240 2.783203 50.634770 -16.897950 E
S 99 S 99.975590 16.772460 79.125980 0.000000 46.850590 43.554690 2.661133 50.659180 -17.509550 E
S 100 S 99.975590 16.650390 79.492190 0.000000 46.704100 43.554690 2.709961 50.268550 -17.739750 E
S 101 S 99.975590 16.552730 79.443360 0.000000 46.582030 43.798830 2.856445 50.659180 -17.739750 E
S 102 S 99.975590 16.601560 79.443360 0.000000 46.704100 43.823240 2.758789 50.463870 -17.331920 E
S 103 S 99.975590 16.723630 79.516600 0.000000 46.777340 43.627930 2.661133 50.390630 -17.331920 E
S 104 S 99.975590 16.601560 79.223630 0.000000 46.728520 43.701170 2.734375 50.561520 -17.041490 E
S 105 S 99.975590 16.503910 79.687500 0.000000 46.655270 43.701170 2.685547 50.244140 -17.014790 E
S 106 S 99.975590 16.455080 79.516600 0.000000 46.508790 43.847660 2.734375 50.488280 -17.496030 E
S 107 S 99.975590 16.455080 79.565430 0.000000 46.508790 43.872070 2.807617 50.463870 -17.496030 E
S 108 S 99.975590 16.479490 79.492190 0.000000 46.606450 43.920900 2.734375 50.317380 -18.366930 E
S 109 S 99.975590 16.943360 79.272460 0.000000 46.679690 43.603520 2.758789 50.585940 -18.366930 E
S 110 S 99.975590 16.577150 79.321290 0.000000 46.533200 43.725590 2.929688 50.512700 -18.577470 E
S 111 S 99.975590 16.772460 79.345700 0.000000 46.777340 43.676760 2.832031 50.488280 -18.577470 E
S 112 S 99.975590 16.723630 79.223630 0.000000 46.533200 43.652340 2.856445 50.512700 -16.512910 E
S 113 S 99.975590 16.503910 79.394530 0.000000 46.533200 43.920900 2.685547 50.488280 -18.994170 E
S 114 S 99.975590 16.772460 79.443360 0.000000 46.826170 43.652340 2.685547 50.415040 -18.994170 E
S 115 S 99.975590 16.577150 79.394530 0.000000 46.630860 43.823240 2.661133 50.439450 -16.679600 E
S 116 S 99.975590 16.381840 79.467770 0.000000 46.679690 43.945310 2.783203 50.512700 -17.041490 E
S 117 S 99.975590 16.601560 79.565430 0.000000 46.777340 43.798830 2.783203 50.366210 -18.168450 E
S 118 S 99.975590 16.796880 79.614260 0.000000 46.850590 43.554690 2.636719 50.292970 -18.168450 E
S 119 S 99.975590 16.674800 79.565430 0.000000 46.801760 43.627930 2.636719 50.390630 -18.645550 E
S 120 S 99.975590 16.748050 79.467770 0.000000 46.972660 43.652340 2.856445 50.488280 -16.860930 E
S 121 S 99.975590 16.772460 79.199220 0.000000 46.752930 43.823240 2.929688 50.708010 -18.250020 E
S 122 S 99.975590 16.552730 79.321290 0.000000 46.752930 43.725590 2.758789 50.659180 -16.024650 E
S 123 S 99.975590 16.870120 79.492190 0.000000 46.630860 43.847660 2.856445 50.415040 -16.024650 E
