S 0 S 44.580080 10.351560 47.973630 0.000000 36.035160 28.002930 5.004883 35.351560 7.012209 E
S 1 S 44.506840 10.498050 47.851560 0.000000 35.913090 27.954100 5.029297 35.498050 5.633995 E
S 2 S 44.702150 10.156250 47.998050 0.000000 35.937500 28.125000 5.078125 35.424800 3.274801 E
S 3 S 44.482420 10.278320 47.900390 0.000000 35.913090 28.198240 4.956055 35.375980 3.274801 E
S 4 S 44.409180 10.400390 48.095700 0.000000 35.961910 28.125000 4.931641 35.229490 5.567254 E
S 5 S 44.409180 10.424800 47.998050 0.000000 35.937500 28.002930 4.980469 35.205080 8.362712 E
S 6 S 44.506840 10.205080 47.973630 0.000000 36.059570 28.149410 5.004883 35.351560 4.781453 E
S 7 S 44.506840 10.375980 47.802730 0.000000 36.059570 28.076170 4.980469 35.449220 4.781453 E
S 8 S 44.580080 10.400390 48.022460 0.000000 35.839840 28.076170 5.004883 35.327150 4.030499 E
S 9 S 44.360350 10.449220 48.022460 0.000000 35.961910 28.002930 5.102539 35.302730 4.030499 E
S 10 S 44.458010 10.351560 48.095700 0.000000 35.937500 28.027340 4.980469 35.229490 8.712563 E
S 11 S 44.555660 10.449220 47.973630 0.000000 35.937500 28.076170 5.249023 35.278320 4.164082 E
S 12 S 44.653320 10.449220 48.168950 0.000000 35.888670 28.100590 5.029297 35.351560 8.042942 E
S 13 S 44.555660 10.522460 48.046880 0.000000 35.961910 28.149410 5.029297 35.278320 8.042942 E
S 14 S 45.092770 11.206050 48.828130 0.000000 35.644530 28.173830 4.882813 35.400390 2.871430 E
S 15 S 45.092770 11.083980 48.901370 0.000000 36.083980 27.685550 5.151367 35.400390 2.871430 E
S 16 S 44.824220 10.815430 48.754880 0.000000 35.961910 28.051760 5.102539 35.327150 7.980287 E
S 17 S 44.677730 10.815430 48.071290 0.000000 35.766600 27.270510 5.297852 35.009770 3.084716 E
S 18 S 44.653320 10.888670 47.827150 0.000000 35.693360 27.490230 5.322266 34.863280 3.489625 E
S 19 S 44.799800 10.888670 48.168950 0.000000 35.644530 27.905270 5.102539 35.253910 3.489625 E
S 20 S 44.848630 12.207030 48.583980 0.000000 36.035160 28.027340 5.029297 35.449220 5.550848 E
S 21 S 44.653320 11.352540 48.583980 0.000000 35.668950 28.344730 4.711914 35.229490 5.550848 E
S 22 S 44.140630 10.913090 47.387700 0.000000 35.766600 28.125000 5.126953 34.985350 10.053120 E
S 23 S 44.946290 11.596680 48.168950 0.000000 35.449220 27.807620 5.029297 35.180660 2.722840 E
S 24 S 44.799800 10.620120 48.144530 0.000000 35.986330 28.125000 5.126953 35.302730 2.722840 E
S 25 S 44.677730 11.938480 47.998050 0.000000 35.742190 27.856450 4.931641 35.180660 3.953649 E
S 26 S 44.482420 10.156250 47.192380 0.000000 36.132810 28.320310 4.980469 35.375980 3.953649 E
S 27 S 44.799800 10.791020 47.949220 0.000000 36.059570 27.880860 5.078125 35.180660 3.385667 E
S 28 S 44.921880 11.450200 48.388670 0.000000 35.546880 27.929690 4.931641 35.107420 2.677584 E
S 29 S 45.141600 11.474610 48.559570 0.000000 35.742190 27.758790 4.907227 35.034180 4.205297 E
S 30 S 45.190430 12.060550 48.608400 0.000000 35.375980 27.661130 4.858398 34.838870 4.205297 E
S 31 S 44.848630 10.180660 48.120120 0.000000 35.815430 27.758790 5.224609 34.790040 0.853614 E
S 32 S 44.921880 11.572270 47.534180 0.000000 35.668950 28.173830 4.736328 34.960940 0.853614 E
S 33 S 44.384770 9.887695 46.484380 0.000000 36.108400 28.442380 4.516602 34.985350 0.206638 E
S 34 S 44.775390 10.864260 46.679690 0.000000 35.571290 28.540040 4.565430 34.814450 -0.345494 E
S 35 S 45.239260 11.157230 47.778320 0.000000 35.522460 27.856450 4.418945 34.350590 0.860558 E
S 36 S 44.921880 10.498050 46.826170 0.000000 35.424800 28.369140 4.565430 34.228520 0.860558 E
S 37 S 45.703130 10.327150 48.095700 0.000000 35.424800 27.661130 4.467773 33.813480 -4.021476 E
S 38 S 46.386720 10.961910 48.535160 0.000000 34.960940 27.587890 4.345703 33.374020 -4.585177 E
S 39 S 45.825200 10.156250 47.656250 0.000000 35.595700 27.685550 4.589844 33.374020 -4.781548 E
S 40 S 47.070310 11.035160 49.389650 0.000000 34.814450 27.319340 4.394531 32.934570 -4.781548 E
S 41 S 45.800780 10.302730 46.997070 0.000000 35.400390 28.076170 4.150391 33.032230 -7.060343 E
S 42 S 46.997070 9.399414 48.120120 0.000000 35.327150 27.221680 4.370117 32.641600 -7.060343 E
S 43 S 49.951170 10.180660 48.901370 0.000000 33.154300 25.537110 3.759766 28.759770 -28.686820 E
S 44 S 50.903320 9.497070 48.559570 0.000000 32.177730 24.096680 3.393555 26.123050 -30.418010 E
S 45 S 51.538090 9.863281 49.487300 0.000000 31.982420 23.828130 3.295898 25.854490 -29.605380 E
S 46 S 52.807620 11.987300 51.367190 0.000000 31.005860 22.851560 3.784180 25.097660 -23.152600 E
S 47 S 53.198240 11.694340 51.440430 0.000000 30.737300 22.460940 3.735352 24.609380 -23.152600 E
S 48 S 52.685550 10.839840 50.488280 0.000000 31.054690 22.387700 4.003906 24.267580 -32.590540 E
S 49 S 52.539060 12.304690 50.634770 0.000000 30.468750 22.338870 3.588867 23.754880 -32.166040 E
S 50 S 52.807620 11.645510 49.975590 0.000000 30.468750 22.412110 3.637695 23.779300 -49.499110 E
S 51 S 52.709960 10.131840 49.194340 0.000000 30.688480 22.460940 3.637695 23.535160 -49.499110 E
S 52 S 52.978520 10.156250 50.268550 0.000000 30.273440 21.801760 3.833008 22.973630 -53.671740 E
S 53 S 53.247070 11.938480 50.146480 0.000000 30.004880 21.557620 3.881836 22.680660 -53.671740 E
S 54 S 53.759770 10.546880 49.902340 0.000000 29.663090 21.093750 3.930664 21.899410 -53.510030 E
S 55 S 53.857420 10.986330 49.731450 0.000000 29.174800 20.751950 3.906250 21.435550 -69.351730 E
S 56 S 54.980470 12.426760 51.171880 0.000000 28.637700 20.141600 3.784180 20.703130 -68.727170 E
S 57 S 54.663090 12.524410 50.683590 0.000000 28.320310 20.214840 3.613281 20.532230 -68.727170 E
S 58 S 55.078130 9.887695 49.462890 0.000000 28.833010 20.751950 3.613281 20.800780 -68.650130 E
S 59 S 55.297850 10.986330 48.852540 0.000000 27.929690 20.581050 3.198242 19.946290 -70.950020 E
S 60 S 54.345700 10.205080 47.802730 0.000000 27.978520 20.678710 3.002930 19.628910 -70.950020 E
S 61 S 54.980470 9.838867 47.607420 0.000000 27.758790 20.654300 2.709961 19.482420 -51.794470 E
S 62 S 54.516600 9.497070 46.728520 0.000000 27.514650 21.435550 2.319336 19.458010 -54.084960 E
S 63 S 55.078130 10.278320 47.070310 0.000000 27.197270 21.655270 2.148438 19.213870 -54.084960 E
S 64 S 54.345700 8.203125 43.823240 0.000000 27.319340 23.999020 1.147461 19.506840 -43.842310 E
S 65 S 53.344730 6.542969 41.357420 0.000000 27.539060 24.902340 0.927734 19.628910 -43.842310 E
S 66 S 52.270510 5.639648 38.330080 0.000000 27.709960 26.757810 0.781250 20.288090 -34.510860 E
S 67 S 53.784180 5.712891 38.720700 0.000000 27.416990 28.027340 0.708008 20.581050 -27.871850 E
S 68 S 53.588870 4.638672 37.500000 0.000000 27.343750 29.541020 0.927734 20.703130 -27.871850 E
S 69 S 52.392580 3.784180 32.641600 0.000000 27.294920 32.958980 2.685547 20.776370 -21.702220 E
S 70 S 52.929690 3.833008 29.980470 0.000000 27.563480 35.717770 4.809570 21.875000 -8.205429 E
S 71 S 53.540040 4.663086 27.343750 0.000000 27.539060 38.574220 7.617188 22.680660 -8.205429 E
S 72 S 52.026370 8.276367 22.753910 0.000000 27.612300 42.358400 11.499020 23.901370 -7.059655 E
S 73 S 52.563480 12.084960 19.238280 0.000000 28.051760 46.899410 15.869140 25.268550 -8.353225 E
S 74 S 52.490230 15.087890 15.747070 0.000000 27.954100 50.732420 20.947270 26.367190 -8.353225 E
S 75 S 52.001950 29.687500 8.544922 0.000000 27.612300 59.765630 32.055660 29.492190 -11.592330 E
S 76 S 51.342770 37.207030 6.811523 0.000000 27.514650 64.184570 37.866210 31.030270 -15.951400 E
S 77 S 51.171880 44.262700 6.616211 0.000000 27.124020 68.237300 43.872070 32.006840 -20.004790 E
S 78 S 50.854490 50.659180 7.885742 0.000000 27.026370 71.972660 49.707030 33.862300 -20.004790 E
S 79 S 51.342770 56.396480 9.033203 0.000000 26.708980 72.753910 52.490230 34.960940 -31.462370 E
S 80 S 50.878910 60.498050 9.326172 0.000000 25.561520 69.995120 52.001950 35.131840 -34.975810 E
S 81 S 50.610350 58.374020 8.569336 0.000000 24.804690 66.772460 49.853520 35.107420 -34.975810 E
S 82 S 51.489260 54.003910 7.690430 0.000000 24.633790 61.767580 45.361330 34.008790 -54.292690 E
S 83 S 52.441410 48.046880 8.154297 0.000000 24.072270 56.201170 39.160160 33.276370 -64.596210 E
S 84 S 53.564450 41.552730 10.961910 0.000000 23.632810 49.731450 32.421880 30.786130 -64.596210 E
S 85 S 65.478520 5.444336 44.799800 0.000000 21.899410 18.725590 0.708008 21.386720 -80.765580 E
S 86 S 63.549800 6.469727 51.293950 0.000000 24.072270 16.992190 1.977539 21.069340 -46.364360 E
S 87 S 63.500980 6.884766 51.440430 0.000000 24.267580 17.358400 2.050781 21.679690 -46.364360 E
S 88 S 62.207030 6.958008 51.586910 0.000000 24.682620 17.480470 2.221680 21.728520 -40.523750 E
S 89 S 62.353520 7.348633 52.148440 0.000000 24.902340 17.480470 2.368164 21.948240 -36.913940 E
S 90 S 61.718750 7.543945 52.368160 0.000000 25.585940 17.358400 2.734375 21.948240 -31.391580 E
S 91 S 60.937500 7.446289 52.490230 0.000000 25.805660 17.895510 2.661133 22.509770 -31.391580 E
S 92 S 60.473630 7.885742 52.661130 0.000000 26.098630 18.164060 2.685547 22.875980 -24.175640 E
S 93 S 59.326170 7.836914 52.416990 0.000000 26.342770 18.334960 2.880859 23.364260 -24.175640 E
S 94 S 59.155270 7.910156 52.319340 0.000000 26.733400 18.383790 3.100586 23.608400 -12.491170 E
S 95 S 58.422850 7.861328 52.368160 0.000000 26.806640 18.823240 3.149414 23.535160 -15.125870 E
S 96 S 57.690430 8.081055 52.587890 0.000000 27.416990 18.920900 3.295898 24.047850 -13.865030 E
S 97 S 57.739260 7.958984 52.587890 0.000000 27.465820 19.165040 3.417969 24.243160 -13.865030 E
S 98 S 57.177730 8.081055 52.587890 0.000000 27.734380 19.262700 3.320313 24.145510 -13.373990 E
S 99 S 56.225590 4.638672 46.069340 0.000000 27.539060 22.119140 1.879883 23.583980 -142.506100 E
S 100 S 57.153320 4.248047 45.654300 0.000000 27.465820 22.558590 1.757813 23.437500 -142.506100 E
S 101 S 56.982420 3.515625 43.676760 0.000000 27.490230 23.266600 1.733398 23.046880 -150.591700 E
S 102 S 56.616210 2.954102 42.260740 0.000000 27.490230 23.999020 1.513672 23.291020 -157.233100 E
S 103 S 55.615230 2.490234 40.185550 0.000000 27.416990 24.560550 1.391602 23.242190 -157.233100 E
S 104 S 54.785160 2.416992 38.403320 0.000000 27.465820 25.170900 1.318359 23.413090 -151.010700 E
S 105 S 53.735350 2.221680 34.155270 0.000000 27.563480 26.879880 1.318359 23.608400 -164.800400 E
S 106 S 52.563480 3.002930 29.736330 0.000000 27.539060 27.954100 1.440430 23.535160 -168.841700 E
S 107 S 51.733400 4.077148 27.124020 0.000000 27.539060 28.881840 1.342773 23.950200 -180.000000 E
S 108 S 52.246090 5.859375 24.511720 0.000000 27.246090 29.589840 1.611328 23.950200 -180.000000 E
S 109 S 51.806640 7.885742 21.777340 0.000000 26.879880 30.419920 2.001953 23.754880 -180.000000 E
S 110 S 52.539060 10.253910 19.726560 0.000000 26.269530 31.005860 2.539063 23.779300 -180.000000 E
S 111 S 53.173830 13.696290 16.308590 0.000000 25.244140 31.054690 2.807617 22.851560 -180.000000 E
S 112 S 54.663090 16.015630 14.868160 0.000000 24.462890 30.908200 3.173828 22.656250 -180.000000 E
S 113 S 56.909180 19.116210 13.305660 0.000000 22.998050 30.395510 3.710938 21.752930 -180.000000 E
S 114 S 57.836910 20.141600 13.012700 0.000000 22.094730 29.736330 4.296875 20.825200 -180.000000 E
S 115 S 60.302730 21.508790 12.963870 0.000000 21.191410 28.906250 4.467773 19.848630 -180.000000 E
S 116 S 63.012700 22.778320 13.037110 0.000000 19.873050 27.734380 4.760742 18.359380 -180.000000 E
S 117 S 64.331050 23.144530 13.793950 0.000000 19.384770 26.782230 4.711914 17.480470 -180.000000 E
S 118 S 65.747070 23.120120 13.989260 0.000000 18.798830 26.245120 4.370117 17.480470 -180.000000 E
S 119 S 65.966800 22.705080 14.794920 0.000000 18.505860 25.317380 4.101563 16.259770 -172.004800 E
S 120 S 67.797850 22.705080 15.747070 0.000000 18.286130 24.707030 4.003906 16.284180 -173.111000 E
S 121 S 69.433590 22.143550 16.430660 0.000000 17.773440 24.243160 4.174805 15.478520 -173.111000 E
S 122 S 71.655270 21.166990 18.041990 0.000000 17.333980 23.828130 4.272461 15.112300 -179.182400 E
S 123 S 71.459960 19.995120 19.433590 0.000000 17.333980 23.193360 3.833008 14.868160 -170.212200 E
S 124 S 72.778320 19.335940 20.996090 0.000000 17.578130 22.875980 3.466797 14.697270 -170.212200 E
S 125 S 72.705080 18.725590 21.850590 0.000000 17.846680 22.680660 3.393555 14.868160 -163.794500 E
S 126 S 73.828130 17.651370 23.022460 0.000000 17.749020 22.802730 3.344727 15.136720 -159.254800 E
S 127 S 67.456050 5.468750 39.379880 0.000000 25.805660 28.198240 1.757813 24.487300 -72.068840 E
S 128 S 57.495120 3.466797 44.482420 0.000000 33.544920 34.106450 1.171875 34.887700 -1.301542 E
S 129 S 57.202150 3.393555 44.775390 0.000000 34.008790 34.375000 1.098633 34.863280 -4.145363 E
S 130 S 56.640630 3.540039 44.604490 0.000000 34.375000 34.985350 1.196289 35.986330 -4.145363 E
S 131 S 55.834960 3.491211 44.238280 0.000000 34.448240 34.960940 1.147461 36.352540 -5.570138 E
S 132 S 55.541990 3.393555 44.433590 0.000000 34.741210 34.741210 0.976563 36.914060 -4.399227 E
S 133 S 55.566410 3.320313 44.335940 0.000000 34.960940 34.887700 1.074219 36.914060 -6.295657 E
S 134 S 55.688480 3.442383 44.726560 0.000000 35.229490 35.180660 1.025391 37.255860 -6.295657 E
S 135 S 55.712890 3.540039 45.092770 0.000000 35.278320 35.375980 1.074219 37.670900 -9.625025 E
S 136 S 55.322270 3.710938 45.166020 0.000000 35.278320 35.180660 1.098633 37.622070 -9.625025 E
S 137 S 56.201170 3.588867 45.605470 0.000000 35.375980 34.936520 0.952148 37.426760 -20.575440 E
S 138 S 56.396480 3.735352 45.996090 0.000000 35.375980 34.912110 1.123047 37.280270 -23.927260 E
S 139 S 56.689450 3.686523 46.362300 0.000000 35.449220 35.131840 1.513672 37.451170 -31.195510 E
S 140 S 57.177730 3.930664 46.752930 0.000000 35.620120 34.960940 1.123047 37.548830 -31.195510 E
S 141 S 58.227540 3.833008 47.167970 0.000000 35.327150 34.863280 0.927734 37.084960 -38.647170 E
S 142 S 59.155270 3.808594 47.216800 0.000000 35.058590 34.545900 1.123047 36.718750 -67.030370 E
S 143 S 59.179690 3.808594 46.899410 0.000000 34.594730 34.008790 1.196289 36.230470 -80.498510 E
S 144 S 59.985350 3.979492 47.070310 0.000000 34.350590 33.593750 1.123047 35.961910 -80.498510 E
S 145 S 61.157230 3.710938 46.337890 0.000000 34.228520 32.958980 1.025391 34.667970 -102.088300 E
S 146 S 62.036130 3.540039 45.507810 0.000000 33.398440 32.836910 1.220703 33.911130 -116.314900 E
S 147 S 62.109380 3.515625 44.311520 0.000000 32.836910 32.763670 1.196289 33.129880 -129.846200 E
S 148 S 63.110350 3.222656 42.138670 0.000000 32.128910 32.373050 0.976563 31.713870 -146.732300 E
S 149 S 63.525390 3.588867 40.356450 0.000000 31.591800 32.470700 1.245117 31.347660 -146.732300 E
S 150 S 63.085940 4.296875 37.060550 0.000000 30.957030 32.641600 1.489258 30.664060 -141.886200 E
S 151 S 64.331050 5.224609 34.887700 0.000000 30.639650 32.641600 1.416016 29.931640 -141.780500 E
S 152 S 63.525390 6.787109 32.226560 0.000000 30.151370 32.885740 1.806641 29.565430 -141.780500 E
S 153 S 63.061520 9.790039 27.294920 0.000000 29.052730 33.178710 2.197266 29.248050 -146.137700 E
S 154 S 64.428710 12.207030 25.146480 0.000000 28.491210 32.910160 2.441406 28.686520 -144.440800 E
S 155 S 64.086910 14.550780 22.656250 0.000000 27.661130 32.592770 2.612305 28.027340 -148.313900 E
S 156 S 66.113280 17.407230 20.727540 0.000000 26.806640 32.275390 2.880859 27.685550 -148.313900 E
S 157 S 66.455080 19.360350 19.311520 0.000000 25.805660 32.153320 3.222656 27.075200 -150.941800 E
S 158 S 69.165040 22.338870 17.456050 0.000000 24.121090 31.054690 3.979492 26.000980 -152.788100 E
S 159 S 70.849610 24.267580 16.748050 0.000000 23.071290 30.395510 4.077148 25.122070 -152.788100 E
S 160 S 72.656250 25.634770 16.357420 0.000000 21.972660 29.174800 4.174805 24.047850 -155.152600 E
S 161 S 74.536130 26.489260 16.479490 0.000000 21.142580 28.466800 4.443359 23.730470 -158.399500 E
S 162 S 75.366210 27.246090 16.308590 0.000000 19.970700 27.026370 4.345703 22.363280 -158.399500 E
S 163 S 78.857420 27.661130 16.870120 0.000000 18.505860 25.268550 4.101563 21.142580 -161.755300 E
S 164 S 80.883790 28.051760 16.967770 0.000000 17.773440 24.169920 4.077148 20.092770 -162.534900 E
S 165 S 82.104490 28.466800 16.772460 0.000000 16.967770 23.291020 4.052734 19.409180 -162.534900 E
S 166 S 83.691410 27.758790 17.236330 0.000000 16.259770 22.143550 4.052734 18.701170 -166.417100 E
S 167 S 84.570310 26.733400 18.164060 0.000000 15.722660 21.264650 3.564453 18.041990 -169.656200 E
S 168 S 97.167970 8.129883 38.330080 0.000000 14.941410 13.964840 1.293945 15.380860 -118.238100 E
S 169 S 90.844730 2.734375 53.295900 0.000000 19.995120 14.282230 1.831055 20.361330 29.227320 E
S 170 S 89.038090 2.783203 54.565430 0.000000 20.556640 13.964840 2.099609 21.142580 57.758650 E
S 171 S 89.086910 3.417969 56.103520 0.000000 20.922850 13.818360 2.392578 21.728520 57.758650 E
S 172 S 87.036130 3.808594 57.690430 0.000000 21.484380 13.403320 2.661133 22.338870 77.556520 E
S 173 S 84.521480 5.664063 60.180660 0.000000 21.997070 12.500000 4.174805 23.657230 92.114580 E
S 174 S 82.568360 7.128906 61.181640 0.000000 22.387700 11.694340 5.175781 24.047850 92.114580 E
S 175 S 80.590820 9.155273 62.939450 0.000000 22.924800 11.303710 6.616211 25.415040 87.591020 E
S 176 S 78.710940 11.303710 64.624020 0.000000 23.364260 10.449220 7.934570 26.318360 104.343600 E
S 177 S 75.878910 14.062500 66.650390 0.000000 23.974610 10.107420 9.960938 28.051760 104.343600 E
S 178 S 73.046880 16.845700 68.310550 0.000000 24.780270 9.692383 11.962890 29.541020 111.924900 E
S 179 S 65.942380 21.240230 68.701170 0.000000 26.440430 9.301758 15.380860 32.666020 122.856600 E
S 180 S 61.938480 23.754880 68.359380 0.000000 27.465820 9.277344 17.822270 34.814450 122.856600 E
S 181 S 57.104490 25.585940 67.285160 0.000000 28.662110 9.887695 20.190430 38.061520 138.964400 E
S 182 S 52.880860 26.586910 65.869140 0.000000 29.833980 10.351560 22.387700 40.722660 149.651000 E
S 183 S 48.657230 26.806640 63.525390 0.000000 30.981450 10.913090 24.316410 43.481450 149.651000 E
S 184 S 41.699220 26.147460 58.837890 0.000000 32.128910 12.109380 27.026370 48.291020 157.735100 E
S 185 S 38.085940 25.146480 55.517580 0.000000 32.885740 12.988280 28.027340 52.026370 153.139600 E
S 186 S 34.106450 24.267580 52.001950 0.000000 33.349610 14.135740 28.759770 54.858400 153.139600 E
S 187 S 27.709960 20.605470 44.091800 0.000000 33.813480 16.357420 30.297850 61.669920 160.209800 E
S 188 S 24.682620 19.238280 41.284180 0.000000 34.130860 17.773440 30.126950 64.746090 160.209800 E
S 189 S 21.166990 17.797850 37.451170 0.000000 34.155270 19.775390 30.078130 70.336910 162.971800 E
S 190 S 19.628910 16.601560 34.887700 0.000000 33.715820 20.874020 29.296880 72.485350 180.000000 E
S 191 S 17.822270 15.405270 32.739260 0.000000 33.789060 22.119140 28.369140 74.243160 180.000000 E
S 192 S 16.503910 14.477540 31.103520 0.000000 33.691410 23.925780 28.027340 77.587890 180.000000 E
S 193 S 14.941410 13.574220 29.248050 0.000000 33.642580 24.951170 27.001950 79.492190 180.000000 E
S 194 S 13.354490 12.182620 26.928710 0.000000 34.008790 27.392580 25.390630 83.471680 180.000000 E
S 195 S 12.695310 11.962890 26.269530 0.000000 34.106450 28.637700 24.414060 85.498050 180.000000 E
S 196 S 11.962890 11.499020 25.585940 0.000000 34.057620 29.589840 23.168950 85.693360 180.000000 E
S 197 S 12.377930 10.839840 24.853520 0.000000 34.252930 30.810550 21.972660 85.473630 166.046000 E
S 198 S 11.865230 9.790039 23.779300 0.000000 34.790040 32.275390 20.751950 85.620120 171.514400 E
S 199 S 11.743160 9.545898 23.876950 0.000000 35.668950 34.863280 19.262700 88.500980 170.568800 E
S 200 S 11.718750 10.058590 24.365230 0.000000 36.694340 36.889650 18.237300 90.405270 170.568800 E
S 201 S 11.865230 9.887695 24.340820 0.000000 37.500000 38.867190 16.918950 91.674800 163.185600 E
S 202 S 12.475590 9.375000 24.511720 0.000000 38.159180 39.892580 15.844730 89.941410 163.185600 E
S 203 S 13.012700 8.691406 24.145510 0.000000 38.793950 40.966800 14.794920 88.427730 141.936700 E
S 204 S 14.428710 8.154297 25.415040 0.000000 40.283200 43.823240 12.524410 86.914060 125.447100 E
S 205 S 15.356450 8.007813 26.074220 0.000000 41.162110 45.239260 11.474610 86.352540 110.177600 E
S 206 S 16.455080 7.836914 27.001950 0.000000 42.529300 47.070310 10.546880 85.937500 110.177600 E
S 207 S 17.285160 7.885742 27.978520 0.000000 43.823240 48.510740 9.594727 84.423830 107.890100 E
S 208 S 19.042970 7.763672 29.248050 0.000000 44.653320 49.975590 8.300781 83.081050 107.890100 E
S 209 S 20.751950 7.324219 30.200200 0.000000 45.190430 50.683590 7.324219 80.126950 77.443810 E
S 210 S 49.414060 1.928711 39.208980 0.000000 39.404300 41.674800 2.368164 45.629880 -93.393090 E
S 211 S 62.377930 2.636719 42.456050 0.000000 32.885740 33.422850 1.953125 34.741210 -73.356700 E
S 212 S 62.963870 2.685547 42.749020 0.000000 32.690430 33.081050 1.733398 34.448240 -73.356700 E
S 213 S 62.963870 2.514648 43.432620 0.000000 32.519530 33.178710 1.806641 34.667970 -69.733160 E
S 214 S 64.282230 2.465820 44.335940 0.000000 32.592770 32.910160 2.050781 33.959960 -58.127920 E
S 215 S 64.257810 2.343750 44.702150 0.000000 32.495120 32.666020 1.806641 33.886720 -55.405230 E
S 216 S 63.037110 2.343750 44.628910 0.000000 32.568360 32.788090 1.684570 34.399410 -55.405230 E
S 217 S 63.598630 2.319336 45.190430 0.000000 32.495120 32.250980 1.635742 33.813480 -46.303030 E
S 218 S 62.988280 2.270508 44.995120 0.000000 32.470700 32.397460 1.635742 34.277340 -46.303030 E
S 219 S 63.598630 2.343750 45.361330 0.000000 32.495120 31.958010 1.684570 33.813480 -41.000080 E
S 220 S 63.500980 2.343750 46.020510 0.000000 32.446290 31.909180 1.611328 33.911130 -38.092840 E
S 221 S 63.012700 2.294922 46.240230 0.000000 32.446290 32.397460 1.538086 34.350590 -39.127200 E
S 222 S 63.720700 2.490234 46.289060 0.000000 32.568360 32.397460 1.611328 34.106450 -39.127200 E
S 223 S 63.134770 2.416992 46.557620 0.000000 32.519530 32.324220 1.489258 34.301760 -32.799180 E
S 224 S 63.061520 2.490234 46.582030 0.000000 32.519530 31.958010 1.513672 34.204100 -29.838060 E
S 225 S 64.233400 2.587891 47.143550 0.000000 32.617190 32.373050 1.635742 33.813480 -28.641720 E
S 226 S 64.208980 2.490234 47.167970 0.000000 32.373050 32.226560 1.489258 33.935550 -28.641720 E
S 227 S 63.842770 2.709961 47.045900 0.000000 32.250980 32.080080 1.611328 34.057620 -27.513230 E
S 228 S 63.916020 2.685547 46.777340 0.000000 32.006840 31.689450 1.586914 33.715820 -20.836080 E
S 229 S 64.013670 2.758789 46.337890 0.000000 31.835940 31.347660 1.391602 33.276370 -18.138560 E
S 230 S 64.038090 2.783203 46.582030 0.000000 31.542970 31.152340 1.318359 33.300780 -17.665700 E
S 231 S 65.209960 2.636719 47.021480 0.000000 31.420900 31.811520 1.684570 33.886720 -17.665700 E
S 232 S 64.770510 2.929688 46.630860 0.000000 31.591800 31.713870 1.660156 33.349610 -34.235330 E
S 233 S 65.747070 2.807617 46.557620 0.000000 31.420900 31.445310 1.391602 33.300780 -34.235330 E
S 234 S 65.136720 2.978516 46.435550 0.000000 31.201170 31.347660 1.782227 33.007810 -32.786400 E
S 235 S 66.088870 2.929688 46.484380 0.000000 31.103520 31.445310 1.635742 33.178710 -23.853590 E
S 236 S 67.114260 3.051758 46.655270 0.000000 30.981450 31.298830 1.367188 32.812500 -26.470960 E
S 237 S 66.748050 3.320313 46.777340 0.000000 30.932620 31.445310 1.782227 32.885740 -26.470960 E
S 238 S 67.724610 3.051758 46.704100 0.000000 30.639650 31.469730 1.635742 32.885740 -45.944240 E
S 239 S 66.772460 3.076172 46.020510 0.000000 30.493160 31.469730 1.708984 32.983400 -45.944240 E
S 240 S 67.822270 3.125000 46.093750 0.000000 30.273440 31.079100 1.831055 32.568360 -37.314080 E
S 241 S 68.237300 3.247070 45.458980 0.000000 29.833980 30.590820 1.928711 32.104490 -28.357920 E
S 242 S 67.797850 3.369141 45.263670 0.000000 29.785160 30.688480 1.831055 32.250980 -46.627000 E
S 243 S 68.676760 3.344727 45.507810 0.000000 29.492190 30.468750 1.879883 31.958010 -46.627000 E
S 244 S 68.579100 3.393555 45.410160 0.000000 29.394530 30.468750 2.001953 31.738280 -47.548750 E
S 245 S 69.360350 3.564453 45.263670 0.000000 29.174800 30.444340 2.001953 31.616210 -47.548750 E
S 246 S 69.384770 3.564453 44.995120 0.000000 28.955080 30.004880 1.855469 31.420900 -67.802010 E
S 247 S 69.409180 3.710938 44.921880 0.000000 28.930660 30.224610 2.001953 31.835940 -39.801780 E
S 248 S 70.043950 3.784180 45.019530 0.000000 28.515630 30.175780 2.441406 31.250000 -39.027160 E
S 249 S 70.019530 3.833008 44.946290 0.000000 28.540040 29.760740 2.514648 30.859380 -39.027160 E
S 250 S 70.239260 3.930664 44.702150 0.000000 28.198240 29.492190 2.172852 30.786130 -69.011320 E
S 251 S 69.042970 2.856445 47.607420 0.000000 25.390630 20.141600 1.611328 25.537110 -100.112800 E
S 252 S 50.244140 7.861328 51.269530 0.000000 20.043950 4.687500 27.294920 9.838867 180.000000 E
S 253 S 46.459960 9.521484 50.634770 0.000000 18.530270 8.325195 32.788090 6.250000 180.000000 E
S 254 S 42.236330 10.717770 48.754880 0.000000 16.821290 12.622070 37.695310 3.735352 180.000000 E
S 255 S 38.232420 11.718750 46.777340 0.000000 14.843750 16.870120 42.309570 2.246094 180.000000 E
S 256 S 34.033200 12.548830 44.116210 0.000000 12.646480 20.581050 44.726560 1.416016 180.000000 E
S 257 S 27.514650 13.281250 38.378910 0.000000 9.155273 23.632810 45.996090 2.319336 180.000000 E
S 258 S 23.486330 13.305660 34.472660 0.000000 7.299805 23.901370 44.921880 3.466797 180.000000 E
S 259 S 19.970700 12.939450 30.639650 0.000000 5.688477 22.924800 42.089840 4.321289 180.000000 E
S 260 S 16.821290 12.475590 26.855470 0.000000 4.248047 20.800780 38.085940 4.711914 180.000000 E
S 261 S 14.111330 11.474610 23.071290 0.000000 3.247070 18.579100 34.008790 4.492188 180.000000 E
S 262 S 9.082031 9.057617 15.722660 0.000000 1.879883 13.037110 24.902340 3.442383 180.000000 E
S 263 S 7.202148 8.032227 12.939450 0.000000 1.440430 10.937500 21.142580 3.320313 180.000000 E
S 264 S 5.786133 6.860352 10.473630 0.000000 1.196289 9.082031 17.797850 2.807617 180.000000 E
S 265 S 4.321289 5.859375 8.422852 0.000000 1.049805 7.446289 14.843750 2.661133 180.000000 E
S 266 S 3.320313 4.907227 6.689453 0.000000 0.903320 6.030273 12.182620 2.343750 180.000000 E
S 267 S 2.172852 3.662109 4.467773 0.000000 0.659180 4.223633 8.520508 1.904297 180.000000 E
S 268 S 1.562500 3.027344 3.442383 0.000000 0.781250 3.369141 7.055664 1.831055 180.000000 E
S 269 S 1.098633 2.050781 2.221680 0.000000 0.537109 2.319336 4.467773 1.513672 180.000000 E
S 270 S 0.805664 1.733398 1.635742 0.000000 0.659180 1.855469 3.637695 1.342773 180.000000 E
S 271 S 0.805664 1.367188 1.293945 0.000000 0.439453 1.562500 3.002930 1.367188 180.000000 E
S 272 S 0.756836 1.293945 0.952148 0.000000 0.537109 1.269531 2.270508 1.269531 180.000000 E
S 273 S 0.585938 0.878906 0.878906 0.000000 0.415039 1.049805 1.416016 1.269531 180.000000 E
S 274 S 0.512695 0.878906 0.732422 0.000000 0.512695 0.927734 1.245117 1.293945 180.000000 E
S 275 S 0.683594 0.708008 0.708008 0.000000 0.488281 0.830078 1.000977 1.123047 180.000000 E
S 276 S 0.415039 0.854492 0.561523 0.000000 0.585938 0.708008 0.927734 0.976563 180.000000 E
S 277 S 0.439453 0.756836 0.610352 0.000000 0.561523 0.634766 0.610352 1.025391 180.000000 E
S 278 S 0.561523 0.732422 0.683594 0.000000 0.537109 0.634766 0.854492 1.171875 180.000000 E
S 279 S 0.537109 0.585938 0.610352 0.000000 0.488281 0.659180 0.634766 1.049805 180.000000 E
S 280 S 0.561523 0.561523 0.634766 0.000000 0.463867 0.585938 0.561523 0.927734 180.000000 E
S 281 S 0.561523 0.463867 0.659180 0.000000 0.463867 0.659180 0.610352 0.952148 180.000000 E
S 282 S 0.683594 0.610352 0.732422 0.000000 0.561523 0.439453 0.561523 0.976563 180.000000 E
S 283 S 0.659180 0.585938 0.756836 0.000000 0.659180 0.659180 0.732422 1.074219 180.000000 E
S 284 S 0.659180 0.634766 0.878906 0.000000 0.683594 0.561523 0.708008 0.976563 180.000000 E
S 285 S 0.854492 0.659180 0.756836 0.000000 0.488281 0.610352 0.634766 1.000977 180.000000 E
S 286 S 0.756836 0.537109 0.854492 0.000000 0.463867 0.439453 0.634766 1.049805 180.000000 E
S 287 S 0.781250 0.537109 0.976563 0.000000 0.561523 0.415039 0.537109 1.049805 180.000000 E
S 288 S 0.878906 0.561523 0.976563 0.000000 0.512695 0.561523 0.659180 0.952148 180.000000 E
S 289 S 0.830078 0.634766 0.976563 0.000000 0.659180 0.488281 0.756836 0.854492 180.000000 E
S 290 S 0.878906 0.512695 1.049805 0.000000 0.683594 0.488281 0.830078 1.025391 180.000000 E
S 291 S 0.976563 0.659180 0.878906 0.000000 0.585938 0.512695 0.878906 1.147461 180.000000 E
S 292 S 0.927734 0.488281 1.123047 0.000000 0.683594 0.341797 0.683594 1.245117 180.000000 E
S 293 S 0.878906 0.756836 0.976563 0.000000 0.708008 0.512695 0.830078 1.171875 180.000000 E
S 294 S 0.854492 0.610352 0.854492 0.000000 0.610352 0.463867 0.634766 1.098633 180.000000 E
S 295 S 0.976563 0.610352 0.854492 0.000000 0.781250 0.585938 0.830078 1.416016 180.000000 E
S 296 S 0.878906 0.488281 0.805664 0.000000 0.756836 0.683594 0.708008 1.562500 180.000000 E
S 297 S 0.927734 0.463867 0.830078 0.000000 0.756836 0.610352 0.708008 1.562500 180.000000 E
S 298 S 1.025391 0.463867 0.781250 0.000000 0.561523 0.732422 0.683594 1.489258 180.000000 E
S 299 S 1.025391 0.512695 0.683594 0.000000 0.708008 0.683594 0.561523 1.489258 180.000000 E
S 300 S 0.927734 0.439453 0.659180 0.000000 0.683594 0.732422 0.634766 1.660156 180.000000 E
S 301 S 0.903320 0.537109 0.659180 0.000000 0.683594 0.610352 0.610352 1.660156 180.000000 E
S 302 S 0.878906 0.537109 0.756836 0.000000 0.756836 0.659180 0.781250 1.416016 180.000000 E
S 303 S 0.976563 0.537109 0.634766 0.000000 0.683594 0.683594 0.756836 1.342773 180.000000 E
S 304 S 0.903320 0.537109 0.756836 0.000000 0.634766 0.634766 0.659180 1.220703 180.000000 E
S 305 S 0.830078 0.585938 0.659180 0.000000 0.708008 0.561523 0.683594 1.123047 180.000000 E
S 306 S 0.952148 0.610352 0.854492 0.000000 0.781250 0.708008 0.708008 1.196289 180.000000 E
S 307 S 0.830078 0.610352 0.732422 0.000000 0.659180 0.805664 0.756836 1.245117 180.000000 E
S 308 S 0.976563 0.317383 0.659180 0.000000 0.585938 0.732422 0.708008 1.147461 180.000000 E
S 309 S 0.830078 0.512695 0.634766 0.000000 0.610352 0.610352 0.610352 0.830078 180.000000 E
S 310 S 0.952148 0.659180 0.683594 0.000000 0.634766 0.463867 0.683594 0.781250 180.000000 E
S 311 S 0.927734 0.537109 0.732422 0.000000 0.659180 0.585938 0.659180 0.927734 180.000000 E
S 312 S 1.074219 0.463867 0.732422 0.000000 0.634766 0.634766 0.585938 0.927734 180.000000 E
S 313 S 1.000977 0.463867 0.756836 0.000000 0.634766 0.537109 0.610352 1.098633 180.000000 E
S 314 S 0.805664 0.512695 0.634766 0.000000 0.708008 0.585938 0.781250 1.220703 180.000000 E
S 315 S 0.952148 0.610352 0.488281 0.000000 0.634766 0.732422 0.439453 1.757813 180.000000 E
S 316 S 1.049805 0.610352 0.659180 0.000000 0.634766 0.634766 0.683594 2.416992 180.000000 E
S 317 S 1.074219 0.732422 0.585938 0.000000 0.512695 0.781250 0.683594 4.101563 180.000000 E
S 318 S 0.952148 0.512695 0.634766 0.000000 0.634766 0.903320 0.610352 5.200195 180.000000 E
S 319 S 1.098633 0.610352 0.439453 0.000000 0.659180 1.074219 0.683594 6.909180 180.000000 E
S 320 S 0.976563 0.634766 0.415039 0.000000 0.585938 1.367188 0.805664 9.643555 180.000000 E
S 321 S 0.976563 0.610352 0.488281 0.000000 0.683594 2.099609 0.903320 12.353520 180.000000 E
S 322 S 0.903320 0.756836 0.537109 0.000000 0.756836 3.710938 0.952148 17.456050 180.000000 E
S 323 S 0.854492 0.659180 0.561523 0.000000 1.049805 4.785156 1.147461 21.679690 180.000000 E
S 324 S 0.854492 0.488281 0.390625 0.000000 1.171875 6.079102 1.342773 25.634770 180.000000 E
S 325 S 1.000977 0.634766 0.390625 0.000000 1.538086 8.374023 1.782227 30.932620 180.000000 E
S 326 S 0.708008 0.659180 0.537109 0.000000 1.977539 10.717770 2.099609 35.961910 180.000000 E
S 327 S 0.781250 0.708008 0.585938 0.000000 2.661133 13.476560 2.758789 42.016600 180.000000 E
S 328 S 0.756836 0.585938 0.561523 0.000000 4.272461 18.920900 4.638672 52.026370 180.000000 E
S 329 S 0.683594 0.610352 0.756836 0.000000 5.688477 22.680660 5.883789 58.715820 180.000000 E
S 330 S 0.561523 0.732422 0.659180 0.000000 7.177734 26.611330 7.031250 65.991210 180.000000 E
S 331 S 0.830078 0.683594 1.074219 0.000000 9.277344 31.176760 8.227539 73.632810 180.000000 E
S 332 S 0.952148 0.683594 1.342773 0.000000 11.401370 36.425780 10.034180 80.883790 180.000000 E
S 333 S 1.318359 0.610352 2.075195 0.000000 15.429690 44.458010 12.890630 88.769530 154.854200 E
S 334 S 1.879883 0.781250 2.539063 0.000000 18.041990 48.583980 13.940430 90.478520 154.854200 E
S 335 S 2.661133 0.561523 3.149414 0.000000 20.556640 52.929690 15.063480 92.993160 145.804400 E
S 336 S 4.541016 0.805664 5.444336 0.000000 26.074220 59.057620 16.113280 95.263670 138.525400 E
S 337 S 6.030273 0.585938 6.982422 0.000000 28.857420 61.499020 16.186520 94.604490 118.168400 E
S 338 S 44.848630 2.465820 36.669920 0.000000 36.425780 42.138670 3.540039 45.532230 -98.700000 E
S 339 S 67.773440 3.344727 45.141600 0.000000 27.221680 24.267580 0.952148 25.317380 -118.958000 E
S 340 S 67.968750 3.149414 45.898440 0.000000 26.977540 22.875980 1.123047 24.169920 -94.530830 E
S 341 S 67.333980 2.978516 46.044920 0.000000 26.684570 21.875000 1.245117 23.608400 -77.064410 E
S 342 S 67.626950 3.027344 46.704100 0.000000 26.586910 21.459960 1.464844 23.217770 -77.064410 E
S 343 S 67.089840 2.880859 48.291020 0.000000 27.246090 22.119140 1.464844 23.779300 -83.154610 E
S 344 S 65.747070 2.929688 48.754880 0.000000 27.416990 21.923830 1.586914 23.632810 -56.750100 E
S 345 S 64.453130 2.978516 48.754880 0.000000 27.709960 21.533200 1.879883 23.803710 -38.451140 E
S 346 S 62.695310 3.222656 48.999020 0.000000 28.320310 21.484380 2.221680 23.828130 -38.451140 E
S 347 S 61.523440 3.442383 49.243160 0.000000 28.735350 22.290040 2.124023 25.415040 -29.866620 E
S 348 S 60.327150 3.833008 49.707030 0.000000 28.930660 21.948240 2.270508 25.073240 -21.352050 E
S 349 S 58.691410 4.223633 50.244140 0.000000 29.858400 22.265630 2.490234 25.878910 -4.402198 E
S 350 S 57.617190 4.492188 50.122070 0.000000 30.297850 23.144530 2.392578 27.050780 -4.402198 E
S 351 S 54.858400 5.224609 49.487300 0.000000 30.761720 23.461910 2.856445 28.369140 3.675919 E
S 352 S 53.735350 5.371094 49.145510 0.000000 31.079100 23.266600 3.369141 28.564450 5.312799 E
S 353 S 52.783200 5.468750 49.291990 0.000000 31.591800 23.413090 3.491211 29.370120 5.312799 E
S 354 S 51.293950 6.274414 49.536130 0.000000 32.470700 24.926760 3.515625 30.786130 3.340732 E
S 355 S 50.781250 6.616211 49.707030 0.000000 32.763670 25.219730 3.417969 31.152340 3.292992 E
S 356 S 49.707030 6.958008 49.560550 0.000000 32.861330 25.195310 3.881836 31.909180 5.384045 E
S 357 S 49.145510 6.713867 48.925780 0.000000 33.007810 24.829100 4.003906 31.469730 5.384045 E
S 358 S 48.291020 6.689453 48.291020 0.000000 33.154300 25.000000 4.125977 32.446290 1.939467 E
S 359 S 47.241210 7.250977 48.608400 0.000000 33.471680 25.439450 4.125977 33.154300 6.227241 E
S 360 S 47.485350 7.470703 48.950200 0.000000 33.935550 26.269530 4.248047 33.569340 6.227241 E
S 361 S 46.728520 7.543945 48.706050 0.000000 34.204100 26.782230 4.052734 34.301760 -3.858538 E
S 362 S 46.411130 7.666016 48.608400 0.000000 34.228520 26.831050 4.028320 34.326170 2.494766 E
S 363 S 45.556640 7.836914 47.973630 0.000000 34.301760 26.611330 4.296875 34.741210 2.494766 E
S 364 S 45.239260 7.690430 47.460940 0.000000 34.204100 26.660160 4.394531 34.692380 1.281643 E
S 365 S 44.824220 7.641602 47.583010 0.000000 34.521480 27.539060 4.296875 35.644530 0.326897 E
S 366 S 44.189450 8.032227 47.827150 0.000000 35.009770 28.076170 3.955078 35.888670 0.326897 E
S 367 S 44.433590 7.983398 48.168950 0.000000 35.253910 28.613280 3.857422 36.523440 1.027522 E
S 368 S 43.798830 7.958984 47.680660 0.000000 35.229490 28.491210 4.272461 36.206050 -4.688193 E
S 369 S 44.189450 7.421875 47.167970 0.000000 35.180660 28.369140 3.979492 36.083980 -4.688193 E
S 370 S 44.384770 7.153320 47.045900 0.000000 34.887700 28.393550 3.881836 36.230470 -9.727550 E
S 371 S 44.116210 7.495117 47.387700 0.000000 35.253910 29.077150 3.784180 36.450200 -10.392880 E
S 372 S 45.141600 7.763672 47.998050 0.000000 35.571290 29.736330 3.540039 36.865230 -10.392880 E
S 373 S 45.214840 7.543945 47.558590 0.000000 35.473630 30.004880 3.198242 37.011720 -15.721000 E
S 374 S 44.848630 7.153320 46.948240 0.000000 35.156250 29.711910 3.247070 36.669920 -13.844880 E
S 375 S 45.849610 6.542969 46.923830 0.000000 35.107420 29.760740 3.173828 36.621090 -15.636920 E
S 376 S 46.069340 6.713867 47.119140 0.000000 35.351560 30.517580 2.978516 36.914060 -17.460560 E
S 377 S 46.923830 6.909180 47.973630 0.000000 35.400390 31.127930 2.587891 37.133790 -17.460560 E
S 378 S 47.045900 6.811523 47.851560 0.000000 35.351560 31.054690 2.661133 37.109380 -15.789310 E
S 379 S 48.144530 6.445313 47.631840 0.000000 35.375980 30.541990 2.661133 36.474610 -15.789310 E
S 380 S 53.222660 5.175781 47.875980 0.000000 34.863280 32.568360 1.538086 37.377930 -23.063400 E
S 381 S 56.127930 3.564453 45.483400 0.000000 33.447270 32.397460 1.220703 36.035160 -35.516910 E
S 382 S 56.811520 3.295898 45.483400 0.000000 33.447270 32.666020 1.318359 36.157230 -57.037370 E
S 383 S 57.006840 3.222656 45.385740 0.000000 33.251950 33.178710 1.098633 36.254880 -57.037370 E
S 384 S 57.763670 3.344727 45.434570 0.000000 33.349610 33.422850 1.269531 36.010740 -78.055110 E
S 385 S 57.495120 3.271484 44.873050 0.000000 33.276370 33.251950 1.220703 35.717770 -83.739070 E
S 386 S 58.203130 2.880859 43.481450 0.000000 32.421880 32.934570 1.245117 35.009770 -93.760230 E
S 387 S 58.471680 2.807617 42.553710 0.000000 32.226560 32.788090 1.269531 34.521480 -93.760230 E
S 388 S 58.862300 2.709961 41.357420 0.000000 31.591800 32.690430 1.367188 33.984380 -100.717700 E
S 389 S 59.765630 2.783203 40.795900 0.000000 31.372070 32.714840 1.367188 33.593750 -100.717700 E
S 390 S 60.302730 2.783203 40.112300 0.000000 31.054690 32.568360 1.513672 32.812500 -122.021600 E
S 391 S 61.132810 3.320313 38.330080 0.000000 30.297850 32.934570 1.831055 32.397460 -135.943400 E
S 392 S 61.303710 4.150391 35.522460 0.000000 29.443360 32.543950 1.977539 31.689450 -126.761900 E
S 393 S 60.986330 5.200195 33.666990 0.000000 28.955080 31.933590 1.953125 30.957030 -125.645500 E
S 394 S 70.434570 7.739258 33.813480 0.000000 22.851560 24.096680 1.660156 24.121090 -139.143700 E
S 395 S 70.532230 7.153320 34.521480 0.000000 22.705080 23.950200 1.440430 24.121090 -139.143700 E
S 396 S 70.117190 6.274414 35.937500 0.000000 22.729490 23.315430 1.440430 23.583980 -133.839500 E
S 397 S 70.922850 5.444336 36.987300 0.000000 22.656250 22.924800 1.464844 23.022460 -124.058100 E
S 398 S 69.824220 5.078125 37.304690 0.000000 22.851560 22.875980 1.489258 23.022460 -122.036500 E
S 399 S 69.726560 4.809570 37.768550 0.000000 22.753910 22.241210 1.318359 22.753910 -122.036500 E
S 400 S 68.798830 4.248047 38.696290 0.000000 22.802730 21.972660 1.245117 22.802730 -115.057400 E
S 401 S 68.554690 3.662109 40.136720 0.000000 23.461910 22.265630 1.196289 22.998050 -113.936300 E
S 402 S 67.651370 3.247070 40.551760 0.000000 23.632810 22.485350 1.293945 23.071290 -113.936300 E
S 403 S 66.552730 3.027344 41.430660 0.000000 24.096680 22.363280 1.367188 23.095700 -91.300260 E
S 404 S 64.868160 2.709961 42.138670 0.000000 24.560550 22.656250 1.171875 23.706050 -67.630230 E
S 405 S 64.331050 2.758789 42.724610 0.000000 25.341800 22.705080 1.416016 24.121090 -67.630230 E
S 406 S 62.060550 2.343750 43.334960 0.000000 25.903320 23.901370 1.293945 25.390630 -55.201550 E
S 407 S 59.814450 2.270508 43.603520 0.000000 26.293950 24.169920 1.367188 25.561520 -41.942440 E
S 408 S 58.544920 2.319336 43.798830 0.000000 27.148440 24.096680 1.562500 25.830080 -41.942440 E
S 409 S 57.299800 2.221680 43.701170 0.000000 27.685550 24.414060 1.318359 26.757810 -18.841000 E
S 410 S 55.615230 2.392578 43.969730 0.000000 28.613280 25.561520 1.538086 28.076170 -23.406390 E
S 411 S 53.662110 2.880859 43.994140 0.000000 29.174800 25.463870 1.635742 28.100590 -1.805057 E
S 412 S 52.050780 2.905273 43.530270 0.000000 29.663090 25.659180 1.733398 28.735350 -1.853406 E
S 413 S 51.733400 3.417969 43.847660 0.000000 30.004880 26.074220 1.562500 29.345700 -1.853406 E
S 414 S 50.317380 3.198242 43.408200 0.000000 30.322270 26.245120 1.733398 29.394530 -1.448686 E
S 415 S 49.877930 3.271484 43.579100 0.000000 30.590820 26.831050 1.757813 30.078130 -1.448686 E
S 416 S 48.925780 3.027344 43.334960 0.000000 30.615230 26.977540 1.855469 29.956050 -0.577389 E
S 417 S 48.120120 3.369141 42.553710 0.000000 31.127930 27.172850 1.733398 30.493160 -3.407743 E
S 418 S 47.851560 3.051758 42.749020 0.000000 31.127930 27.661130 1.831055 31.127930 -3.407743 E
S 419 S 47.021480 3.417969 42.553710 0.000000 31.225590 27.783200 1.757813 31.494140 -0.879945 E
S 420 S 46.875000 3.295898 42.333980 0.000000 31.323240 27.807620 1.855469 31.323240 -0.959138 E
S 421 S 46.337890 3.149414 41.772460 0.000000 31.567380 27.685550 1.879883 31.469730 -0.959138 E
S 422 S 44.531250 3.735352 41.406250 0.000000 31.835940 28.613280 2.001953 31.958010 -10.419810 E
S 423 S 44.653320 3.808594 41.479490 0.000000 32.470700 30.029300 1.782227 32.446290 -16.029140 E
S 424 S 44.848630 4.028320 41.650390 0.000000 32.690430 30.493160 1.513672 32.788090 -14.397080 E
S 425 S 45.068360 3.808594 41.699220 0.000000 32.470700 30.932620 1.635742 33.007810 -11.801220 E
S 426 S 45.190430 3.857422 41.308590 0.000000 32.495120 30.615230 1.708984 32.836910 -11.801220 E
S 427 S 45.800780 3.491211 41.455080 0.000000 32.495120 30.224610 1.464844 32.519530 -21.237380 E
S 428 S 46.411130 3.686523 41.870120 0.000000 32.592770 30.029300 1.635742 32.055660 -21.237380 E
S 429 S 46.777340 3.442383 41.967770 0.000000 32.202150 30.541990 1.562500 32.519530 -17.905000 E
S 430 S 47.241210 3.710938 42.211910 0.000000 32.470700 30.224610 1.708984 32.470700 -17.905000 E
S 431 S 47.363280 3.662109 42.309570 0.000000 32.275390 30.151370 1.684570 32.055660 -20.831500 E
S 432 S 48.217770 3.320313 42.163090 0.000000 31.958010 29.931640 1.708984 32.055660 -19.654740 E
S 433 S 48.950200 3.076172 42.529300 0.000000 31.860350 29.418950 1.635742 31.274410 -20.788220 E
S 434 S 49.829100 3.173828 42.895510 0.000000 31.933590 29.516600 1.635742 31.103520 -26.657410 E
S 435 S 49.804690 3.222656 42.993160 0.000000 31.616210 29.638670 1.586914 31.372070 -26.657410 E
S 436 S 50.854490 3.076172 43.310550 0.000000 31.445310 29.272460 1.464844 31.103520 -19.357270 E
S 437 S 50.512700 2.905273 42.797850 0.000000 31.079100 28.588870 1.538086 30.517580 -20.077410 E
S 438 S 51.757810 2.661133 43.261720 0.000000 30.834960 28.393550 1.489258 30.175780 -33.679350 E
S 439 S 52.490230 2.954102 43.798830 0.000000 30.737300 28.149410 1.611328 29.589840 -33.679350 E
S 440 S 52.905270 2.856445 43.579100 0.000000 30.493160 27.905270 1.513672 29.418950 -24.616480 E
S 441 S 53.491210 2.856445 43.725590 0.000000 30.419920 27.197270 1.220703 29.101560 -39.211960 E
S 442 S 53.759770 2.807617 43.847660 0.000000 29.858400 26.782230 1.660156 27.954100 -39.211960 E
S 443 S 55.151370 2.661133 43.945310 0.000000 29.394530 26.171880 1.757813 27.539060 -37.556030 E
S 444 S 55.444340 2.758789 44.506840 0.000000 29.028320 25.781250 1.611328 26.855470 -49.253870 E
S 445 S 55.932620 2.587891 44.213870 0.000000 28.930660 25.610350 1.586914 27.026370 -49.253870 E
S 446 S 56.665040 2.587891 44.604490 0.000000 28.466800 25.488280 1.538086 26.416020 -61.844840 E
S 447 S 57.250980 2.709961 44.726560 0.000000 28.320310 24.902340 1.489258 25.854490 -62.743960 E
S 448 S 57.861330 2.539063 44.360350 0.000000 27.758790 23.852540 1.367188 24.487300 -65.345570 E
S 449 S 59.057620 2.294922 44.580080 0.000000 27.343750 23.730470 1.293945 24.731450 -71.946350 E
S 450 S 59.545900 2.319336 45.043950 0.000000 27.050780 23.632810 1.489258 23.901370 -71.946350 E
S 451 S 60.229490 2.514648 44.848630 0.000000 26.806640 23.168950 1.586914 23.583980 -74.349140 E
S 452 S 60.522460 2.148438 44.873050 0.000000 26.196290 22.875980 1.342773 23.095700 -74.349140 E
S 453 S 61.254880 2.343750 45.043950 0.000000 25.952150 22.265630 1.367188 22.436520 -78.775340 E
S 454 S 62.231450 2.441406 45.117190 0.000000 25.537110 21.826170 1.464844 21.826170 -80.048260 E
S 455 S 62.084960 2.368164 45.288090 0.000000 25.561520 21.362300 1.538086 21.533200 -70.952700 E
S 456 S 62.988280 2.197266 45.532230 0.000000 25.000000 21.313480 1.269531 21.362300 -70.952700 E
S 457 S 62.353520 2.539063 45.654300 0.000000 25.146480 20.922850 1.513672 21.313480 -74.060970 E
S 458 S 63.110350 2.392578 46.069340 0.000000 24.926760 21.166990 1.391602 21.386720 -74.060970 E
S 459 S 62.524410 2.392578 46.411130 0.000000 24.951170 20.898440 1.318359 21.191410 -62.676650 E
S 460 S 61.596680 2.636719 45.898440 0.000000 25.195310 20.605470 1.293945 21.069340 -56.454220 E
S 461 S 61.914060 2.465820 46.240230 0.000000 25.317380 20.385740 1.489258 20.996090 -54.433880 E
S 462 S 61.523440 2.758789 46.459960 0.000000 25.488280 20.654300 1.708984 21.166990 -54.433880 E
S 463 S 61.669920 2.661133 46.582030 0.000000 25.219730 21.020510 1.416016 21.362300 -48.510810 E
S 464 S 56.762700 3.491211 46.972660 0.000000 26.831050 21.093750 1.855469 22.509770 -18.394140 E
S 465 S 54.492190 3.955078 47.021480 0.000000 27.661130 21.606450 1.831055 22.900390 -14.204100 E
S 466 S 54.345700 3.955078 47.021480 0.000000 27.636720 22.119140 1.806641 23.364260 -14.204100 E
S 467 S 53.955080 4.028320 47.094730 0.000000 27.758790 21.948240 1.855469 23.291020 -13.071980 E
S 468 S 53.686520 3.906250 47.021480 0.000000 27.856450 21.704100 1.928711 22.949220 -13.071980 E
S 469 S 54.052730 3.955078 46.997070 0.000000 27.880860 21.948240 2.050781 23.583980 -13.645270 E
S 470 S 53.662110 4.101563 47.265630 0.000000 27.954100 21.923830 1.879883 22.802730 -18.445260 E
S 471 S 53.906250 4.150391 47.094730 0.000000 27.905270 21.826170 2.001953 23.120120 -19.546040 E
S 472 S 53.588870 3.979492 46.655270 0.000000 27.685550 21.777340 1.928711 22.802730 -19.546040 E
S 473 S 54.174800 3.808594 46.850590 0.000000 27.514650 21.826170 1.977539 22.900390 -26.331470 E
S 474 S 54.150390 3.686523 46.508790 0.000000 27.465820 21.752930 1.855469 22.338870 -25.657780 E
S 475 S 54.956050 3.637695 46.679690 0.000000 27.294920 21.582030 1.904297 22.265630 -21.826230 E
S 476 S 54.516600 3.540039 46.582030 0.000000 27.319340 21.606450 1.708984 22.167970 -21.826230 E
S 477 S 55.273440 3.442383 46.362300 0.000000 27.099610 21.679690 1.684570 22.021480 -49.051610 E
S 478 S 54.785160 3.491211 46.215820 0.000000 26.977540 21.801760 1.660156 22.119140 -34.935010 E
S 479 S 55.468750 3.442383 46.679690 0.000000 26.928710 21.728520 1.855469 21.923830 -34.935010 E
S 480 S 55.712890 3.027344 45.898440 0.000000 26.611330 21.191410 1.782227 21.313480 -41.513750 E
S 481 S 56.030270 3.002930 46.093750 0.000000 26.635740 21.484380 1.757813 21.435550 -54.100760 E
S 482 S 56.665040 3.076172 46.166990 0.000000 26.513670 21.435550 1.513672 20.922850 -54.100760 E
S 483 S 56.835940 3.027344 46.191410 0.000000 26.318360 21.264650 1.684570 20.874020 -53.367900 E
S 484 S 57.739260 2.905273 46.020510 0.000000 25.903320 20.898440 1.318359 20.703130 -65.295050 E
S 485 S 58.251950 2.709961 46.093750 0.000000 25.756840 20.800780 1.562500 20.336910 -64.714220 E
S 486 S 58.862300 2.734375 46.118160 0.000000 25.366210 20.678710 1.293945 19.750980 -65.653550 E
S 487 S 59.155270 2.709961 46.191410 0.000000 25.390630 20.483400 1.342773 19.750980 -65.653550 E
S 488 S 58.984380 2.685547 46.118160 0.000000 25.488280 20.361330 1.245117 19.433590 -76.409970 E
S 489 S 59.497070 2.612305 46.093750 0.000000 25.317380 20.800780 1.440430 19.653320 -76.409970 E
S 490 S 59.350590 2.685547 46.069340 0.000000 25.268550 20.678710 1.293945 19.482420 -56.721490 E
S 491 S 59.570310 2.685547 45.947270 0.000000 25.219730 20.288090 1.391602 19.335940 -53.997390 E
S 492 S 59.863280 2.636719 46.264650 0.000000 25.122070 20.581050 1.440430 19.433590 -64.062760 E
S 493 S 60.034180 2.661133 46.459960 0.000000 25.268550 20.947270 1.562500 19.433590 -64.062760 E
S 494 S 60.253910 2.758789 46.411130 0.000000 25.268550 21.093750 1.245117 19.775390 -50.311700 E
S 495 S 59.936520 2.856445 46.044920 0.000000 25.390630 20.849610 1.440430 19.799800 -59.961070 E
S 496 S 59.594730 2.563477 46.240230 0.000000 25.390630 21.118160 1.367188 19.848630 -47.429460 E
S 497 S 59.545900 2.880859 46.313480 0.000000 25.756840 21.093750 1.318359 19.750980 -47.429460 E
S 498 S 59.497070 2.954102 46.289060 0.000000 25.927730 21.362300 1.342773 20.214840 -44.237850 E
S 499 S 59.204100 2.832031 46.362300 0.000000 25.903320 21.630860 1.342773 20.507810 -42.043350 E
S 500 S 58.862300 2.807617 46.093750 0.000000 26.245120 21.972660 1.342773 20.874020 -42.043350 E
S 501 S 58.325200 2.856445 46.020510 0.000000 26.220700 22.436520 1.293945 21.484380 -36.675230 E
S 502 S 57.861330 2.929688 46.142580 0.000000 26.562500 22.485350 1.318359 21.533200 -30.822960 E
S 503 S 57.617190 2.880859 45.898440 0.000000 26.831050 22.509770 1.416016 21.582030 -30.822960 E
S 504 S 57.861330 3.002930 46.191410 0.000000 27.075200 23.120120 1.269531 22.436520 -24.607220 E
S 505 S 57.543950 3.051758 46.337890 0.000000 27.294920 23.168950 1.269531 22.119140 -19.132030 E
S 506 S 56.054690 2.905273 45.434570 0.000000 28.906250 25.439450 1.586914 25.439450 -6.000639 E
S 507 S 56.811520 2.929688 45.922850 0.000000 28.808590 24.902340 1.464844 26.684570 13.075960 E
S 508 S 56.738280 2.709961 46.142580 0.000000 28.515630 24.902340 1.489258 27.246090 13.075960 E
S 509 S 56.640630 3.125000 46.533200 0.000000 28.613280 24.243160 1.489258 27.172850 50.758060 E
S 510 S 56.176760 3.076172 46.435550 0.000000 28.686520 23.266600 1.611328 27.075200 68.606030 E
S 511 S 56.640630 3.442383 48.315430 0.000000 28.686520 23.266600 1.831055 28.686520 89.182530 E
S 512 S 56.347660 3.881836 48.925780 0.000000 28.466800 22.412110 2.124023 28.466800 89.182530 E
S 513 S 55.615230 4.516602 49.633790 0.000000 28.540040 21.606450 2.343750 29.492190 105.646100 E
S 514 S 54.833980 5.029297 50.122070 0.000000 28.515630 20.239260 3.002930 29.809570 105.646100 E
S 515 S 53.027340 7.006836 52.441410 0.000000 28.613280 18.017580 4.980469 31.372070 110.053600 E
S 516 S 51.196290 9.521484 53.955080 0.000000 28.955080 16.308590 7.592773 32.983400 122.100200 E
S 517 S 49.658200 11.376950 54.858400 0.000000 28.979490 15.820310 9.228516 35.156250 145.972000 E
S 518 S 46.923830 13.403320 54.907230 0.000000 29.565430 15.356450 11.206050 37.377930 153.943900 E
S 519 S 44.506840 15.356450 55.078130 0.000000 30.175780 14.990230 13.208010 39.257810 153.943900 E
S 520 S 41.333010 16.430660 53.735350 0.000000 30.737300 14.697270 15.380860 41.381840 160.623700 E
S 521 S 35.424800 17.578130 50.390630 0.000000 31.933590 15.844730 19.335940 47.802730 161.970100 E
S 522 S 32.861330 17.993160 48.608400 0.000000 32.543950 16.674800 20.483400 51.171880 160.488600 E
S 523 S 29.809570 17.871090 45.996090 0.000000 32.958980 17.382810 21.142580 53.393550 160.488600 E
S 524 S 27.294920 17.187500 43.432620 0.000000 33.178710 18.334960 22.070310 56.274410 169.950700 E
S 525 S 24.584960 16.210940 40.429690 0.000000 33.593750 19.018550 22.363280 58.666990 179.219600 E
S 526 S 23.071290 15.332030 38.085940 0.000000 33.447270 20.263670 22.778320 61.181640 179.219600 E
S 527 S 20.043950 13.500980 34.326170 0.000000 33.911130 22.949220 22.680660 66.040040 180.000000 E
S 528 S 18.408200 12.377930 32.397460 0.000000 34.228520 24.243160 22.290040 68.432620 180.000000 E
S 529 S 16.748050 11.840820 30.346680 0.000000 34.326170 25.024410 21.899410 70.898440 180.000000 E
S 530 S 16.040040 10.742190 28.735350 0.000000 34.033200 26.293950 20.898440 72.167970 180.000000 E
S 531 S 15.258790 9.912109 27.026370 0.000000 34.082030 27.221680 20.043950 72.827150 174.748200 E
S 532 S 13.916020 8.032227 24.414060 0.000000 34.008790 29.589840 18.530270 75.097660 180.000000 E
S 533 S 13.525390 7.373047 23.510740 0.000000 34.594730 30.883790 17.968750 77.539060 180.000000 E
S 534 S 12.426760 6.909180 22.949220 0.000000 35.107420 32.617190 16.894530 78.735350 180.000000 E
S 535 S 12.475590 6.445313 22.851560 0.000000 35.473630 34.716800 15.844730 80.786130 180.000000 E
S 536 S 12.280270 6.079102 22.290040 0.000000 35.742190 35.986330 14.819340 80.859380 180.000000 E
S 537 S 12.768550 4.687500 21.484380 0.000000 36.401370 37.622070 13.183590 79.199220 163.547600 E
S 538 S 13.061520 4.077148 21.386720 0.000000 36.791990 38.769530 11.987300 77.929690 158.059400 E
S 539 S 13.037110 3.613281 20.971680 0.000000 37.695310 39.843750 10.595700 76.879880 158.059400 E
S 540 S 13.842770 3.344727 21.582030 0.000000 38.525390 41.894530 9.716797 77.539060 161.744300 E
S 541 S 14.086910 3.466797 22.460940 0.000000 39.379880 43.188480 8.813477 77.343750 161.744300 E
S 542 S 15.356450 3.564453 23.266600 0.000000 40.917970 44.897460 6.884766 74.438480 146.451100 E
S 543 S 16.748050 3.149414 24.047850 0.000000 41.162110 44.848630 6.298828 70.849610 122.034200 E
S 544 S 18.041990 2.490234 24.609380 0.000000 40.478520 44.116210 5.737305 67.138670 102.276200 E
S 545 S 20.068360 2.172852 25.146480 0.000000 40.527340 43.457030 5.151367 64.038090 102.276200 E
S 546 S 21.118160 2.246094 26.464840 0.000000 41.040040 43.383790 4.516602 61.474610 85.822930 E
S 547 S 48.437500 3.125000 46.557620 0.000000 29.028320 20.629880 3.637695 30.688480 87.072140 E
S 548 S 40.625000 16.210940 52.783200 0.000000 30.175780 15.136720 13.427730 35.546880 154.237000 E
S 549 S 38.183590 16.821290 51.660160 0.000000 31.054690 16.113280 14.013670 37.548830 154.237000 E
S 550 S 36.376950 17.431640 51.098630 0.000000 31.396480 16.796880 14.355470 38.867190 147.021600 E
S 551 S 34.912110 17.236330 49.731450 0.000000 31.567380 17.041020 14.941410 39.233400 147.021600 E
S 552 S 32.690430 16.088870 47.167970 0.000000 32.397460 17.797850 14.794920 39.501950 151.129500 E
S 553 S 31.884770 16.186520 46.289060 0.000000 33.032230 19.042970 14.746090 41.699220 137.573000 E
S 554 S 30.249020 16.528320 45.825200 0.000000 33.911130 20.092770 14.306640 42.626950 150.021100 E
S 555 S 29.931640 15.966800 45.532230 0.000000 34.130860 21.386720 14.038090 43.383790 150.021100 E
S 556 S 29.003910 15.161130 44.311520 0.000000 34.838870 22.485350 13.208010 42.797850 148.132200 E
S 557 S 28.833010 14.526370 43.701170 0.000000 34.497070 23.120120 12.451170 42.773440 123.227100 E
S 558 S 29.931640 13.745120 42.822270 0.000000 35.131840 24.121090 10.913090 41.845700 91.408450 E
S 559 S 30.102540 13.500980 43.188480 0.000000 35.595700 24.804690 10.327150 41.430660 89.389980 E
S 560 S 30.078130 13.354490 43.359380 0.000000 36.157230 25.927730 9.375000 41.210940 73.011470 E
S 561 S 31.396480 13.403320 44.750980 0.000000 35.864260 26.562500 8.618164 40.209960 73.011470 E
S 562 S 31.494140 13.061520 44.384770 0.000000 35.839840 26.416020 7.617188 38.623050 34.937500 E
S 563 S 33.691410 12.084960 44.531250 0.000000 34.838870 25.683590 6.884766 36.035160 9.930902 E
S 564 S 36.035160 11.132810 44.824220 0.000000 34.301760 25.244140 6.396484 34.326170 9.930902 E
S 565 S 36.816410 10.766600 45.117190 0.000000 34.033200 25.463870 5.517578 33.593750 -8.455978 E
S 566 S 39.038090 10.546880 45.898440 0.000000 33.666990 25.585940 4.687500 32.641600 -22.811230 E
S 567 S 39.599610 10.400390 46.704100 0.000000 33.300780 25.756840 4.174805 31.347660 -22.811230 E
S 568 S 42.407230 9.594727 46.557620 0.000000 32.275390 24.926760 3.564453 29.833980 -27.447180 E
S 569 S 44.018550 8.398438 46.459960 0.000000 31.469730 24.804690 3.247070 28.564450 -35.353070 E
S 570 S 45.434570 7.958984 46.093750 0.000000 30.639650 24.487300 2.685547 28.320310 -35.353070 E
S 571 S 46.899410 7.495117 46.118160 0.000000 30.297850 24.438480 2.416992 28.149410 -19.983290 E
S 572 S 48.315430 7.495117 46.386720 0.000000 30.126950 24.389650 2.148438 28.002930 -20.674260 E
S 573 S 50.000000 7.128906 46.533200 0.000000 29.516600 24.511720 1.855469 27.465820 -21.721220 E
S 574 S 50.610350 6.567383 46.142580 0.000000 29.077150 24.389650 1.513672 27.392580 -21.721220 E
S 575 S 52.050780 6.103516 46.118160 0.000000 28.759770 24.658200 1.391602 27.807620 -14.529280 E
S 576 S 53.271480 5.590820 46.142580 0.000000 28.393550 25.097660 1.196289 28.393550 -14.529280 E
S 577 S 54.980470 5.566406 46.411130 0.000000 28.002930 25.659180 1.147461 29.077150 -7.735068 E
S 578 S 57.348630 5.346680 46.655270 0.000000 27.685550 26.391600 0.903320 30.371090 -6.612328 E
S 579 S 58.007810 5.468750 46.289060 0.000000 27.734380 26.977540 0.830078 31.494140 0.201546 E
S 580 S 59.667970 5.273438 46.582030 0.000000 27.856450 27.685550 0.512695 32.934570 0.201546 E
S 581 S 60.424800 4.711914 46.240230 0.000000 27.905270 28.833010 0.927734 34.545900 2.095911 E
S 582 S 62.548830 4.565430 46.386720 0.000000 27.709960 29.687500 1.123047 36.865230 2.095911 E
S 583 S 63.256840 4.663086 46.728520 0.000000 28.198240 30.810550 1.318359 38.940430 1.673930 E
S 584 S 65.966800 4.467773 46.899410 0.000000 28.173830 33.374020 1.757813 42.871090 1.189944 E
S 585 S 67.309570 4.443359 46.777340 0.000000 28.784180 34.814450 2.319336 46.142580 1.189944 E
S 586 S 68.310550 4.370117 47.045900 0.000000 29.248050 36.596680 3.002930 49.731450 4.397609 E
S 587 S 70.336910 3.930664 47.387700 0.000000 29.711910 39.013670 3.906250 53.613280 2.825539 E
S 588 S 72.436520 3.881836 47.387700 0.000000 30.102540 41.894530 5.224609 58.715820 2.825539 E
S 589 S 99.975590 7.495117 50.415040 0.000000 49.853520 93.286130 29.492190 99.975590 -40.828870 E
S 590 S 99.975590 22.192380 62.084960 0.000000 57.128910 81.689450 19.970700 81.127930 -45.363700 E
S 591 S 99.975590 13.549800 87.329100 0.000000 52.636720 36.840820 18.066410 70.507810 -180.000000 E
S 592 S 66.430660 14.135740 59.570310 0.000000 27.294920 18.505860 7.177734 33.862300 87.827690 E
S 593 S 1.806641 0.634766 3.515625 0.000000 18.750000 27.539060 9.008789 83.129880 178.337800 E
S 594 S 1.855469 0.488281 2.905273 0.000000 18.359380 28.320310 8.056641 84.960940 180.000000 E
S 595 S 1.635742 0.537109 2.514648 0.000000 18.481450 29.516600 7.226563 86.645510 180.000000 E
S 596 S 1.708984 0.512695 2.343750 0.000000 19.165040 31.738280 5.761719 86.206050 179.578400 E
S 597 S 1.269531 0.512695 2.441406 0.000000 20.068360 33.300780 5.102539 87.719730 173.929700 E
S 598 S 1.538086 0.634766 2.392578 0.000000 20.263670 34.594730 4.980469 90.747070 176.726400 E
S 599 S 1.171875 0.756836 2.514648 0.000000 21.264650 35.571290 4.663086 91.821290 176.726400 E
S 600 S 1.586914 0.366211 3.247070 0.000000 22.583010 39.477540 3.784180 92.968750 176.837300 E
S 601 S 1.806641 0.830078 3.222656 0.000000 23.950200 41.601560 3.442383 92.724610 161.952400 E
S 602 S 1.855469 0.683594 3.857422 0.000000 25.073240 43.090820 3.222656 91.210940 144.000000 E
S 603 S 2.197266 0.585938 4.077148 0.000000 26.391600 45.190430 2.978516 90.161130 144.000000 E
S 604 S 2.685547 0.756836 4.663086 0.000000 28.051760 47.314450 2.832031 89.672850 130.766100 E
S 605 S 3.662109 0.634766 5.810547 0.000000 30.175780 50.781250 2.905273 88.842770 120.962100 E
S 606 S 4.370117 0.585938 7.299805 0.000000 31.738280 52.905270 3.149414 87.084960 120.962100 E
S 607 S 5.224609 0.927734 8.056641 0.000000 33.398440 54.199220 3.271484 84.277340 93.531160 E
S 608 S 6.665039 0.756836 9.155273 0.000000 34.521480 55.175780 3.759766 79.736330 93.531160 E
S 609 S 8.349609 0.781250 9.423828 0.000000 35.156250 55.297850 3.930664 75.512700 42.975150 E
S 610 S 11.230470 0.732422 11.352540 0.000000 36.352540 55.932620 4.467773 69.873050 2.554479 E
S 611 S 13.720700 1.074219 13.281250 0.000000 37.377930 55.834960 4.931641 65.942380 -50.809020 E
S 612 S 16.235350 0.952148 14.404300 0.000000 37.573240 55.493160 5.249023 61.889650 -50.809020 E
S 613 S 19.018550 1.269531 15.869140 0.000000 37.329100 54.028320 5.419922 57.397460 -87.485730 E
S 614 S 21.997070 1.562500 16.918950 0.000000 36.547850 51.757810 5.493164 52.563480 -87.485730 E
S 615 S 25.170900 2.221680 17.993160 0.000000 35.400390 49.291990 5.468750 48.168950 -111.381600 E
S 616 S 30.664060 3.540039 19.213870 0.000000 33.764650 45.776370 5.639648 42.089840 -132.845700 E
S 617 S 33.813480 4.345703 20.605470 0.000000 32.470700 43.603520 5.395508 38.623050 -132.845700 E
S 618 S 37.524410 5.175781 21.459960 0.000000 31.079100 41.235350 5.371094 35.498050 -137.985600 E
S 619 S 40.502930 6.054688 22.119140 0.000000 29.711910 39.184570 5.371094 32.836910 -132.543900 E
S 620 S 43.652340 7.177734 22.802730 0.000000 28.320310 37.084960 5.053711 30.541990 -132.543900 E
S 621 S 50.122070 8.935547 23.876950 0.000000 25.878910 33.471680 4.370117 26.684570 -156.291300 E
S 622 S 52.099610 9.326172 24.267580 0.000000 25.024410 31.616210 4.272461 24.438480 -156.291300 E
S 623 S 55.786130 9.399414 25.244140 0.000000 23.828130 30.786130 4.248047 23.364260 -145.922700 E
S 624 S 57.055660 9.863281 26.025390 0.000000 23.437500 29.614260 4.125977 22.363280 -145.922700 E
S 625 S 59.643550 9.667969 26.586910 0.000000 22.485350 28.662110 3.808594 21.459960 -145.422200 E
S 626 S 61.547850 9.643555 27.490230 0.000000 21.923830 27.197270 3.393555 20.678710 -133.746200 E
S 627 S 62.475590 9.765625 28.247070 0.000000 21.972660 26.220700 3.051758 20.019530 -129.197900 E
S 628 S 64.404300 9.228516 29.418950 0.000000 21.508790 25.903320 2.856445 19.921880 -129.197900 E
S 629 S 64.941410 8.886719 30.371090 0.000000 21.508790 25.732420 2.905273 19.873050 -124.793300 E
S 630 S 65.991210 8.276367 31.372070 0.000000 21.655270 25.610350 2.783203 20.263670 -124.793300 E
S 631 S 62.304690 2.880859 42.529300 0.000000 27.685550 28.369140 1.293945 29.638670 -37.345000 E
S 632 S 61.547850 2.905273 45.581050 0.000000 29.760740 29.370120 1.391602 34.643550 -43.988670 E
S 633 S 61.694340 2.880859 45.874020 0.000000 29.760740 28.491210 1.440430 34.375000 -43.988670 E
S 634 S 61.328130 2.612305 46.069340 0.000000 29.370120 27.709960 1.220703 33.593750 -50.614860 E
S 635 S 61.987300 2.685547 45.898440 0.000000 29.150390 26.635740 1.464844 33.056640 -36.006540 E
S 636 S 62.426760 2.636719 46.118160 0.000000 28.540040 26.025390 1.147461 31.958010 -52.920010 E
S 637 S 62.426760 2.685547 46.435550 0.000000 28.344730 25.537110 1.196289 30.834960 -52.920010 E
S 638 S 62.451170 2.832031 46.069340 0.000000 28.442380 24.902340 1.464844 30.468750 -46.163380 E
S 639 S 62.866210 2.563477 45.825200 0.000000 27.734380 24.780270 1.391602 29.516600 -54.490130 E
S 640 S 62.231450 2.490234 45.654300 0.000000 27.441410 24.658200 1.342773 29.174800 -54.490130 E
S 641 S 62.402340 2.563477 45.507810 0.000000 27.319340 24.316410 1.464844 28.491210 -54.459270 E
S 642 S 62.841800 2.636719 45.654300 0.000000 26.855470 24.194340 1.318359 27.905270 -40.101090 E
S 643 S 63.159180 2.490234 45.483400 0.000000 26.586910 24.389650 1.367188 27.392580 -40.101090 E
S 644 S 63.476560 2.539063 45.385740 0.000000 26.391600 24.145510 1.196289 27.026370 -57.730210 E
S 645 S 63.110350 2.539063 45.361330 0.000000 26.074220 23.632810 0.976563 26.489260 -66.957290 E
S 646 S 63.671880 2.587891 45.214840 0.000000 25.903320 23.144530 1.098633 25.903320 -66.957290 E
S 647 S 63.818360 2.636719 45.117190 0.000000 25.463870 23.168950 1.220703 25.415040 -46.578070 E
S 648 S 64.086910 2.709961 45.336910 0.000000 25.244140 22.949220 1.098633 25.024410 -60.540210 E
S 649 S 64.355470 2.514648 45.361330 0.000000 25.146480 22.729490 1.171875 24.682620 -60.540210 E
S 650 S 64.404300 2.319336 45.336910 0.000000 24.877930 22.534180 1.245117 24.438480 -48.072610 E
S 651 S 64.575200 2.343750 45.166020 0.000000 24.804690 22.558590 1.123047 24.560550 -57.642020 E
S 652 S 63.696290 2.441406 44.946290 0.000000 24.731450 22.216800 1.074219 24.291990 -48.746680 E
S 653 S 63.940430 2.343750 45.190430 0.000000 24.633790 22.143550 1.171875 23.754880 -42.130700 E
S 654 S 64.331050 2.539063 45.288090 0.000000 24.853520 22.558590 1.098633 24.218750 -42.130700 E
S 655 S 63.793950 2.416992 45.361330 0.000000 24.707030 22.875980 1.171875 24.096680 -65.605800 E
S 656 S 64.306640 2.416992 45.117190 0.000000 24.682620 22.729490 1.245117 24.023440 -65.605800 E
S 657 S 64.038090 2.392578 44.897460 0.000000 24.609380 22.558590 1.318359 24.047850 -56.156940 E
S 658 S 63.159180 2.319336 44.946290 0.000000 24.658200 22.778320 1.220703 23.901370 -46.558200 E
S 659 S 63.769530 2.441406 44.726560 0.000000 24.633790 22.875980 1.269531 23.828130 -45.276370 E
S 660 S 63.110350 2.221680 44.580080 0.000000 24.853520 22.998050 1.171875 24.145510 -45.276370 E
S 661 S 63.574220 2.319336 44.628910 0.000000 24.731450 23.120120 1.440430 23.901370 -47.471680 E
S 662 S 63.354490 2.148438 44.116210 0.000000 24.853520 23.608400 1.367188 24.194340 -45.042860 E
S 663 S 62.475590 2.294922 43.896480 0.000000 25.122070 23.852540 1.269531 24.389650 -45.042860 E
S 664 S 62.744140 2.026367 43.383790 0.000000 24.877930 24.121090 1.416016 24.926760 -40.582910 E
S 665 S 62.426760 2.246094 43.725590 0.000000 25.146480 24.047850 1.464844 24.511720 -33.457790 E
S 666 S 63.085940 2.416992 43.554690 0.000000 25.415040 24.584960 1.684570 25.390630 -33.457790 E
S 667 S 62.719730 2.514648 43.432620 0.000000 25.512700 24.975590 1.489258 25.000000 -52.367730 E
S 668 S 63.305660 2.343750 43.603520 0.000000 25.219730 24.975590 1.538086 25.341800 -36.636890 E
S 669 S 63.745120 2.221680 43.798830 0.000000 25.341800 25.195310 1.660156 25.756840 -34.551950 E
S 670 S 63.549800 2.172852 43.554690 0.000000 25.268550 25.488280 1.708984 25.781250 -34.551950 E
S 671 S 63.916020 2.636719 43.481450 0.000000 25.781250 25.561520 1.879883 26.196290 -30.554230 E
S 672 S 64.013670 2.368164 43.969730 0.000000 25.585940 25.805660 1.684570 26.123050 -29.743270 E
S 673 S 67.456050 2.612305 47.509770 0.000000 26.806640 25.610350 1.831055 28.540040 -23.750570 E
S 674 S 70.654300 2.587891 50.512700 0.000000 26.904300 23.144530 1.953125 28.393550 -51.032950 E
S 675 S 70.874020 2.587891 51.147460 0.000000 27.001950 22.949220 1.977539 28.808590 -58.235490 E
S 676 S 70.874020 2.587891 51.611330 0.000000 26.513670 21.166990 2.026367 28.076170 -68.269780 E
S 677 S 71.020510 2.709961 51.977540 0.000000 26.367190 20.434570 2.197266 27.465820 -55.403040 E
S 678 S 71.630860 2.709961 52.392580 0.000000 25.781250 18.920900 2.539063 27.075200 -72.681550 E
S 679 S 71.533200 3.051758 52.636720 0.000000 25.659180 17.602540 3.100586 26.513670 -72.681550 E
S 680 S 70.849610 3.491211 53.222660 0.000000 25.463870 16.137700 3.735352 25.805660 -81.524480 E
S 681 S 70.458980 3.613281 53.857420 0.000000 25.170900 14.819340 5.004883 25.585940 -81.524480 E
S 682 S 69.653320 4.028320 54.321290 0.000000 24.633790 12.963870 6.030273 24.511720 -74.898990 E
S 683 S 67.871090 5.004883 55.078130 0.000000 23.925780 10.034180 9.057617 22.558590 -89.441290 E
S 684 S 66.796880 5.737305 55.664060 0.000000 23.632810 8.300781 11.474610 22.631840 -97.973570 E
S 685 S 65.405270 6.689453 56.567380 0.000000 22.607420 6.616211 14.233400 20.312500 180.000000 E
S 686 S 63.159180 8.251953 57.006840 0.000000 22.119140 5.200195 17.919920 19.262700 180.000000 E
S 687 S 60.839840 9.765625 57.153320 0.000000 21.118160 4.858398 22.436520 16.674800 180.000000 E
S 688 S 57.714840 11.425780 57.397460 0.000000 19.750980 6.542969 27.880860 14.379880 180.000000 E
S 689 S 51.342770 14.697270 56.713870 0.000000 17.553710 11.962890 36.840820 9.765625 180.000000 E
S 690 S 47.509770 16.357420 55.200200 0.000000 15.527340 17.016600 41.845700 7.324219 180.000000 E
S 691 S 42.285160 18.237300 52.929690 0.000000 13.793950 21.020510 46.337890 4.785156 180.000000 E
S 692 S 37.988280 19.287110 50.366210 0.000000 11.572270 25.048830 49.633790 3.149414 180.000000 E
S 693 S 32.617190 20.141600 46.484380 0.000000 9.741211 26.904300 51.074220 2.294922 180.000000 E
S 694 S 24.584960 19.946290 38.720700 0.000000 6.811523 27.001950 48.852540 2.246094 180.000000 E
S 695 S 20.434570 19.140630 33.691410 0.000000 5.151367 25.292970 45.507810 2.636719 180.000000 E
S 696 S 16.308590 17.797850 28.735350 0.000000 4.052734 22.729490 40.893550 2.807617 180.000000 E
S 697 S 12.939450 16.284180 24.462890 0.000000 3.027344 20.019530 36.035160 2.880859 180.000000 E
S 698 S 9.545898 14.526370 19.824220 0.000000 2.172852 17.260740 31.250000 2.929688 180.000000 E
S 699 S 5.664063 11.669920 13.598630 0.000000 1.464844 12.719730 23.583980 2.465820 180.000000 E
S 700 S 4.565430 9.350586 10.571290 0.000000 1.171875 10.351560 19.653320 2.148438 180.000000 E
S 701 S 3.320313 8.007813 7.836914 0.000000 0.952148 8.154297 16.308590 2.026367 180.000000 E
S 702 S 2.124023 6.713867 6.347656 0.000000 0.708008 6.909180 13.354490 1.733398 180.000000 E
S 703 S 1.635742 5.566406 4.418945 0.000000 0.781250 5.761719 10.668950 1.977539 180.000000 E
S 704 S 1.098633 3.784180 2.490234 0.000000 0.585938 3.857422 7.202148 1.660156 180.000000 E
S 705 S 0.830078 2.954102 1.977539 0.000000 0.781250 2.832031 5.541992 1.269531 180.000000 E
S 706 S 0.756836 2.026367 1.123047 0.000000 0.561523 2.001953 3.588867 1.171875 180.000000 E
S 707 S 0.805664 1.806641 1.000977 0.000000 0.561523 1.464844 2.880859 1.171875 180.000000 E
S 708 S 1.074219 1.123047 0.732422 0.000000 0.415039 1.464844 2.197266 1.269531 180.000000 E
S 709 S 0.805664 1.220703 0.659180 0.000000 0.732422 0.952148 1.611328 0.952148 180.000000 E
S 710 S 1.196289 0.830078 0.634766 0.000000 0.488281 0.927734 1.049805 1.196289 180.000000 E
S 711 S 1.025391 0.708008 0.756836 0.000000 0.415039 0.830078 0.976563 1.000977 180.000000 E
S 712 S 1.245117 0.756836 0.463867 0.000000 0.561523 0.732422 0.830078 1.342773 180.000000 E
S 713 S 0.976563 0.585938 0.903320 0.000000 0.610352 0.659180 0.781250 0.781250 180.000000 E
S 714 S 1.367188 0.610352 0.659180 0.000000 0.488281 0.854492 0.830078 1.245117 180.000000 E
S 715 S 1.342773 0.683594 0.976563 0.000000 0.634766 1.293945 0.756836 2.612305 180.000000 E
S 716 S 0.854492 0.781250 0.561523 0.000000 0.463867 0.927734 0.976563 0.854492 180.000000 E
S 717 S 0.805664 0.708008 0.585938 0.000000 0.415039 0.805664 1.000977 0.854492 180.000000 E
S 718 S 0.659180 0.830078 0.585938 0.000000 0.610352 0.756836 1.025391 0.805664 180.000000 E
S 719 S 0.512695 0.927734 0.732422 0.000000 0.708008 0.732422 1.025391 0.585938 180.000000 E
S 720 S 0.463867 0.830078 0.683594 0.000000 0.585938 0.708008 1.074219 0.659180 180.000000 E
S 721 S 0.488281 0.781250 0.708008 0.000000 0.512695 0.610352 1.074219 0.659180 180.000000 E
S 722 S 0.537109 0.781250 0.683594 0.000000 0.634766 0.610352 1.123047 0.683594 180.000000 E
S 723 S 0.659180 0.878906 0.781250 0.000000 0.610352 0.683594 1.098633 0.756836 180.000000 E
S 724 S 0.537109 0.854492 0.903320 0.000000 0.708008 0.537109 1.000977 0.756836 180.000000 E
S 725 S 0.610352 0.732422 0.903320 0.000000 0.561523 0.634766 1.000977 0.781250 180.000000 E
S 726 S 0.732422 0.585938 0.854492 0.000000 0.390625 0.732422 0.878906 0.878906 180.000000 E
S 727 S 0.561523 0.708008 0.683594 0.000000 0.561523 0.463867 0.952148 0.756836 180.000000 E
S 728 S 0.537109 0.708008 0.708008 0.000000 0.708008 0.561523 0.781250 0.708008 180.000000 E
S 729 S 0.659180 0.732422 0.708008 0.000000 0.585938 0.708008 1.025391 0.805664 180.000000 E
S 730 S 0.683594 0.903320 0.781250 0.000000 0.610352 0.488281 0.878906 0.659180 180.000000 E
S 731 S 0.708008 0.732422 0.732422 0.000000 0.585938 0.537109 0.830078 0.854492 180.000000 E
S 732 S 0.561523 0.659180 0.732422 0.000000 0.488281 0.659180 0.732422 0.659180 180.000000 E
S 733 S 0.488281 0.659180 0.659180 0.000000 0.610352 0.512695 0.756836 0.634766 180.000000 E
S 734 S 0.610352 0.756836 0.830078 0.000000 0.512695 0.561523 0.903320 0.830078 180.000000 E
S 735 S 0.610352 0.610352 0.756836 0.000000 0.512695 0.634766 0.805664 0.634766 180.000000 E
S 736 S 0.708008 0.561523 0.634766 0.000000 0.585938 0.634766 0.634766 0.781250 180.000000 E
S 737 S 0.512695 0.659180 0.683594 0.000000 0.634766 0.561523 0.634766 0.585938 180.000000 E
S 738 S 0.537109 0.830078 0.683594 0.000000 0.683594 0.512695 0.903320 0.634766 180.000000 E
S 739 S 0.708008 0.537109 0.708008 0.000000 0.439453 0.683594 0.781250 0.756836 180.000000 E
S 740 S 0.634766 0.585938 0.927734 0.000000 0.512695 0.585938 0.732422 0.585938 180.000000 E
S 741 S 0.585938 0.683594 0.756836 0.000000 0.634766 0.488281 0.732422 0.634766 180.000000 E
S 742 S 0.634766 0.683594 0.781250 0.000000 0.585938 0.585938 0.708008 0.683594 180.000000 E
S 743 S 0.463867 0.659180 0.805664 0.000000 0.537109 0.634766 0.659180 0.512695 180.000000 E
S 744 S 0.610352 0.659180 0.659180 0.000000 0.708008 0.463867 0.830078 0.488281 180.000000 E
S 745 S 0.585938 0.708008 0.537109 0.000000 0.585938 0.488281 0.756836 0.659180 180.000000 E
S 746 S 0.634766 0.561523 0.561523 0.000000 0.610352 0.756836 0.732422 0.634766 180.000000 E
S 747 S 0.610352 0.561523 0.610352 0.000000 0.463867 0.439453 0.634766 0.634766 180.000000 E
S 748 S 0.585938 0.537109 0.659180 0.000000 0.561523 0.512695 0.805664 0.634766 180.000000 E
S 749 S 0.708008 0.781250 0.756836 0.000000 0.463867 0.537109 0.830078 0.610352 180.000000 E
S 750 S 0.683594 0.512695 0.610352 0.000000 0.585938 0.634766 0.683594 0.610352 180.000000 E
S 751 S 0.537109 0.537109 0.634766 0.000000 0.756836 0.585938 0.537109 0.512695 180.000000 E
S 752 S 0.537109 0.585938 0.634766 0.000000 0.488281 0.610352 0.659180 0.439453 180.000000 E
S 753 S 0.463867 0.610352 0.537109 0.000000 0.537109 0.463867 0.585938 0.561523 180.000000 E
S 754 S 0.488281 0.610352 0.781250 0.000000 0.561523 0.512695 0.732422 0.439453 180.000000 E
S 755 S 0.488281 0.634766 0.488281 0.000000 0.683594 0.610352 0.659180 0.537109 180.000000 E
S 756 S 0.610352 0.659180 0.512695 0.000000 0.610352 0.463867 0.756836 0.561523 180.000000 E
S 757 S 0.708008 0.390625 0.708008 0.000000 0.463867 0.634766 0.634766 0.610352 180.000000 E
S 758 S 0.732422 0.415039 0.683594 0.000000 0.463867 0.585938 0.732422 0.756836 180.000000 E
S 759 S 0.634766 0.488281 0.585938 0.000000 0.585938 0.488281 0.634766 0.659180 180.000000 E
S 760 S 0.708008 0.488281 0.708008 0.000000 0.537109 0.537109 0.732422 0.634766 180.000000 E
S 761 S 0.634766 0.561523 0.610352 0.000000 0.488281 0.512695 0.708008 0.683594 180.000000 E
S 762 S 0.634766 0.463867 0.610352 0.000000 0.488281 0.561523 0.732422 0.708008 180.000000 E
S 763 S 0.805664 0.512695 0.634766 0.000000 0.561523 0.561523 0.830078 0.634766 180.000000 E
S 764 S 0.463867 0.463867 0.830078 0.000000 0.585938 0.659180 0.659180 0.463867 180.000000 E
S 765 S 0.463867 0.537109 0.805664 0.000000 0.512695 0.463867 0.756836 0.366211 180.000000 E
S 766 S 0.585938 0.634766 0.634766 0.000000 0.561523 0.317383 0.683594 0.561523 180.000000 E
S 767 S 0.561523 0.537109 0.683594 0.000000 0.463867 0.683594 0.756836 0.659180 180.000000 E
S 768 S 0.512695 0.610352 0.659180 0.000000 0.537109 0.415039 0.708008 0.463867 180.000000 E
S 769 S 0.634766 0.634766 0.537109 0.000000 0.585938 0.439453 0.781250 0.634766 180.000000 E
S 770 S 0.585938 0.683594 0.537109 0.000000 0.561523 0.439453 0.781250 0.585938 180.000000 E
S 771 S 0.610352 0.488281 0.512695 0.000000 0.561523 0.512695 0.830078 0.512695 180.000000 E
S 772 S 0.390625 0.610352 0.561523 0.000000 0.659180 0.659180 0.634766 0.659180 180.000000 E
S 773 S 0.756836 0.463867 0.585938 0.000000 0.537109 0.585938 0.708008 0.634766 180.000000 E
S 774 S 0.512695 0.610352 0.634766 0.000000 0.537109 0.585938 0.805664 0.610352 180.000000 E
S 775 S 0.585938 0.585938 0.683594 0.000000 0.537109 0.585938 0.903320 0.659180 180.000000 E
S 776 S 0.610352 0.512695 0.708008 0.000000 0.512695 0.732422 0.683594 0.561523 180.000000 E
S 777 S 0.537109 0.415039 0.585938 0.000000 0.561523 0.537109 0.634766 0.708008 180.000000 E
S 778 S 0.512695 0.610352 0.585938 0.000000 0.585938 0.512695 0.781250 0.683594 180.000000 E
S 779 S 0.659180 0.561523 0.585938 0.000000 0.561523 0.634766 0.659180 0.683594 180.000000 E
S 780 S 0.561523 0.585938 0.659180 0.000000 0.537109 0.537109 0.585938 0.561523 180.000000 E
S 781 S 0.488281 0.537109 0.585938 0.000000 0.659180 0.512695 0.732422 0.537109 180.000000 E
S 782 S 0.585938 0.561523 0.634766 0.000000 0.561523 0.415039 0.708008 0.585938 180.000000 E
S 783 S 0.561523 0.585938 0.610352 0.000000 0.659180 0.488281 0.683594 0.659180 180.000000 E
S 784 S 0.610352 0.659180 0.659180 0.000000 0.561523 0.561523 0.756836 0.585938 180.000000 E
S 785 S 0.537109 0.561523 0.708008 0.000000 0.512695 0.610352 0.756836 0.537109 180.000000 E
S 786 S 0.659180 0.585938 0.488281 0.000000 0.561523 0.488281 0.830078 0.634766 180.000000 E
S 787 S 0.488281 0.634766 0.756836 0.000000 0.537109 0.512695 0.683594 0.634766 180.000000 E
S 788 S 0.561523 0.659180 0.537109 0.000000 0.537109 0.537109 0.708008 0.561523 180.000000 E
S 789 S 0.561523 0.585938 0.610352 0.000000 0.634766 0.659180 0.634766 0.732422 180.000000 E
S 790 S 0.561523 0.732422 0.732422 0.000000 0.683594 0.537109 0.878906 0.585938 180.000000 E
S 791 S 0.537109 0.561523 0.585938 0.000000 0.488281 0.512695 0.732422 0.708008 180.000000 E
S 792 S 0.732422 0.537109 0.585938 0.000000 0.488281 0.634766 0.708008 0.708008 180.000000 E
S 793 S 0.659180 0.634766 0.537109 0.000000 0.488281 0.537109 0.708008 0.659180 180.000000 E
S 794 S 0.708008 0.561523 0.634766 0.000000 0.585938 0.537109 0.634766 0.854492 180.000000 E
S 795 S 0.634766 0.561523 0.610352 0.000000 0.537109 0.561523 0.659180 0.781250 180.000000 E
S 796 S 0.585938 0.512695 0.732422 0.000000 0.634766 0.610352 0.610352 0.805664 180.000000 E
S 797 S 0.585938 0.634766 0.610352 0.000000 0.561523 0.561523 0.781250 0.659180 180.000000 E
S 798 S 0.585938 0.512695 0.634766 0.000000 0.488281 0.585938 0.708008 0.732422 180.000000 E
S 799 S 0.610352 0.634766 0.683594 0.000000 0.610352 0.488281 0.683594 0.708008 180.000000 E
S 800 S 0.708008 0.537109 0.634766 0.000000 0.561523 0.585938 0.683594 0.805664 180.000000 E
S 801 S 0.585938 0.585938 0.659180 0.000000 0.659180 0.659180 0.732422 0.805664 180.000000 E
S 802 S 0.732422 0.488281 0.659180 0.000000 0.561523 0.585938 0.585938 0.878906 180.000000 E
S 803 S 0.756836 0.488281 0.781250 0.000000 0.708008 0.659180 0.537109 0.854492 -15.750000 E
S 804 S 0.805664 0.805664 0.756836 0.000000 0.708008 0.585938 0.903320 0.903320 15.237320 E
S 805 S 0.830078 0.781250 0.659180 0.000000 0.708008 0.585938 0.805664 0.976563 15.237320 E
S 806 S 0.976563 0.537109 0.683594 0.000000 0.561523 0.805664 0.830078 0.952148 -9.241211 E
S 807 S 0.781250 0.830078 0.756836 0.000000 0.634766 0.537109 0.781250 0.878906 -9.241211 E
S 808 S 0.878906 0.634766 0.830078 0.000000 0.659180 0.488281 0.634766 1.000977 8.000001 E
S 809 S 0.708008 0.585938 0.732422 0.000000 0.585938 0.512695 0.683594 0.903320 113.538500 E
S 810 S 0.732422 0.537109 0.683594 0.000000 0.610352 0.659180 0.683594 0.878906 -92.842100 E
S 811 S 0.756836 0.708008 0.708008 0.000000 0.756836 0.683594 0.830078 1.000977 -92.842100 E
S 812 S 0.830078 0.683594 0.781250 0.000000 0.732422 0.537109 0.854492 0.903320 18.514290 E
S 813 S 0.854492 0.585938 0.854492 0.000000 0.683594 0.512695 0.854492 1.000977 18.514290 E
S 814 S 0.830078 0.708008 0.732422 0.000000 0.732422 0.561523 0.610352 0.854492 39.082840 E
S 815 S 0.854492 0.659180 0.683594 0.000000 0.610352 0.659180 0.610352 0.952148 -55.084340 E
S 816 S 0.781250 0.415039 0.903320 0.000000 0.708008 0.610352 0.805664 0.952148 -72.654560 E
S 817 S 0.830078 0.634766 1.000977 0.000000 0.781250 0.781250 0.756836 0.952148 -72.654560 E
S 818 S 0.854492 0.659180 0.830078 0.000000 0.756836 0.610352 0.756836 0.927734 124.363600 E
S 819 S 0.878906 0.708008 0.830078 0.000000 0.683594 0.659180 0.805664 0.927734 -76.909100 E
S 820 S 0.854492 0.756836 0.659180 0.000000 0.854492 0.805664 0.683594 1.049805 -18.168220 E
S 821 S 0.952148 0.585938 1.000977 0.000000 0.732422 0.878906 0.805664 1.049805 -18.168220 E
S 822 S 0.683594 0.537109 0.756836 0.000000 0.683594 0.585938 0.634766 0.854492 -1.966792 E
S 823 S 0.683594 0.463867 0.781250 0.000000 0.585938 0.634766 0.659180 0.878906 0.774540 E
S 824 S 0.732422 0.756836 0.781250 0.000000 1.000977 0.366211 0.708008 0.854492 0.774540 E
S 825 S 0.952148 0.683594 0.976563 0.000000 0.537109 0.756836 0.708008 1.196289 15.625620 E
S 826 S 0.708008 0.634766 0.708008 0.000000 0.561523 0.732422 0.585938 0.878906 -12.123160 E
S 827 S 0.708008 0.659180 0.732422 0.000000 0.756836 0.415039 0.561523 0.976563 -12.123160 E
S 828 S 0.830078 0.561523 0.708008 0.000000 0.561523 0.634766 0.683594 0.927734 44.688310 E
S 829 S 0.854492 0.610352 0.756836 0.000000 0.659180 0.683594 0.756836 1.049805 -2.084212 E
S 830 S 0.756836 0.537109 1.000977 0.000000 0.805664 0.756836 0.830078 1.025391 -2.084212 E
S 831 S 0.732422 0.610352 0.854492 0.000000 0.683594 0.708008 0.732422 0.903320 -2.713150 E
S 832 S 0.732422 0.659180 0.781250 0.000000 0.708008 0.732422 0.830078 1.049805 93.729910 E
S 833 S 0.659180 0.585938 0.903320 0.000000 0.512695 0.585938 0.854492 1.000977 93.729910 E
S 834 S 0.830078 0.683594 0.878906 0.000000 0.634766 0.659180 0.708008 1.000977 -43.962360 E
S 835 S 0.781250 0.732422 0.878906 0.000000 0.878906 0.610352 0.903320 0.927734 1.126035 E
S 836 S 0.976563 0.634766 0.732422 0.000000 0.805664 0.683594 0.854492 1.123047 1.126035 E
S 837 S 0.781250 0.268555 0.854492 0.000000 0.512695 0.708008 0.683594 0.927734 -25.134460 E
S 838 S 0.732422 0.634766 0.756836 0.000000 0.634766 0.488281 0.805664 0.927734 42.677420 E
S 839 S 0.805664 0.537109 0.708008 0.000000 0.561523 0.634766 0.659180 1.147461 42.677420 E
