S 0 S 41.357420 2.099609 36.547850 0.000000 35.693360 34.375000 2.221680 37.817380 -11.097780 E
S 1 S 41.699220 2.099609 36.523440 0.000000 35.424800 34.375000 2.294922 37.939450 -10.030900 E
S 2 S 41.674800 1.684570 36.718750 0.000000 35.693360 34.472660 2.099609 37.646480 -11.527180 E
S 3 S 41.577150 1.831055 36.767580 0.000000 35.620120 34.399410 2.124023 37.939450 -11.527180 E
S 4 S 41.455080 1.855469 36.572270 0.000000 35.644530 34.301760 2.172852 37.695310 -10.079060 E
S 5 S 41.723630 2.075195 36.621090 0.000000 35.546880 34.472660 2.197266 37.744140 -10.079060 E
S 6 S 41.601560 1.953125 36.645510 0.000000 35.473630 34.619140 2.294922 37.768550 -13.593620 E
S 7 S 41.674800 1.928711 36.572270 0.000000 35.595700 34.497070 2.148438 37.719730 -10.030270 E
S 8 S 41.674800 1.782227 36.718750 0.000000 35.595700 34.497070 2.124023 37.695310 -10.123920 E
S 9 S 41.723630 1.708984 36.596680 0.000000 35.449220 34.619140 2.148438 37.890630 -10.123920 E
S 10 S 41.601560 2.099609 36.547850 0.000000 35.620120 34.521480 2.124023 37.768550 -12.023650 E
S 11 S 41.870120 2.197266 36.499020 0.000000 35.668950 34.350590 2.246094 37.866210 -12.584200 E
S 12 S 41.674800 2.026367 36.547850 0.000000 35.620120 34.545900 2.124023 37.866210 -12.584200 E
S 13 S 41.845700 1.855469 36.547850 0.000000 35.424800 34.667970 2.221680 37.670900 -10.471570 E
S 14 S 41.528320 1.904297 36.669920 0.000000 35.742190 34.326170 2.294922 37.768550 -10.898070 E
S 15 S 41.601560 1.831055 36.743160 0.000000 35.571290 34.448240 2.099609 37.744140 -10.898070 E
S 16 S 41.552730 1.977539 36.718750 0.000000 35.620120 34.423830 2.172852 37.890630 -10.339180 E
S 17 S 41.723630 1.733398 36.669920 0.000000 35.571290 34.741210 2.246094 37.622070 -12.599080 E
S 18 S 41.723630 2.124023 36.743160 0.000000 35.644530 34.423830 2.124023 37.744140 -8.714824 E
S 19 S 41.577150 2.026367 36.572270 0.000000 35.595700 34.350590 2.099609 37.744140 -8.714824 E
S 20 S 41.503910 1.782227 36.718750 0.000000 35.693360 34.423830 2.221680 37.695310 -13.142300 E
S 21 S 41.625980 1.928711 36.596680 0.000000 35.546880 34.448240 2.221680 37.744140 -11.807990 E
S 22 S 41.479490 1.806641 36.523440 0.000000 35.693360 34.326170 2.148438 37.768550 -9.659945 E
S 23 S 41.625980 1.806641 36.547850 0.000000 35.546880 34.545900 2.075195 37.890630 -9.659945 E
S 24 S 41.552730 1.977539 36.621090 0.000000 35.766600 34.350590 2.172852 37.744140 -11.137550 E
S 25 S 41.625980 1.879883 36.425780 0.000000 35.522460 34.594730 2.148438 37.695310 -11.137550 E
S 26 S 41.748050 1.757813 36.474610 0.000000 35.766600 34.448240 2.221680 37.670900 -9.850690 E
S 27 S 41.577150 2.099609 36.450200 0.000000 35.522460 34.399410 2.099609 37.890630 -15.025610 E
S 28 S 41.601560 1.904297 36.523440 0.000000 35.644530 34.619140 2.075195 37.841800 -10.301850 E
S 29 S 41.650390 1.611328 36.596680 0.000000 35.595700 34.423830 2.246094 37.817380 -10.301850 E
S 30 S 41.503910 2.026367 36.523440 0.000000 35.546880 34.472660 2.050781 37.792970 -12.810770 E
S 31 S 41.479490 2.075195 36.547850 0.000000 35.620120 34.301760 2.172852 37.768550 -12.810770 E
S 32 S 42.431640 2.587891 37.646480 0.000000 35.473630 34.204100 2.197266 37.866210 -10.468030 E
S 33 S 41.528320 2.734375 36.474610 0.000000 35.913090 34.594730 2.001953 38.012700 -10.359960 E
S 34 S 41.894530 2.661133 37.255860 0.000000 35.693360 34.155270 2.319336 37.646480 -13.177820 E
S 35 S 41.992190 2.124023 36.743160 0.000000 35.107420 33.984380 2.246094 37.475590 -13.177820 E
S 36 S 41.552730 2.246094 36.059570 0.000000 35.595700 33.984380 2.368164 37.622070 -11.576300 E
S 37 S 42.016600 2.319336 37.084960 0.000000 35.546880 34.057620 2.099609 37.670900 -12.162190 E
S 38 S 42.919920 2.905273 38.159180 0.000000 34.643550 33.349610 2.246094 36.767580 -15.462890 E
S 39 S 41.455080 2.954102 35.668950 0.000000 35.278320 34.082030 2.099609 37.060550 -17.328770 E
S 40 S 42.480470 2.758789 37.011720 0.000000 34.960940 33.740230 2.124023 37.036130 -17.328770 E
S 41 S 43.334960 2.612305 38.720700 0.000000 34.887700 32.934570 2.026367 36.206050 -18.794380 E
S 42 S 42.871090 2.246094 37.329100 0.000000 34.912110 33.447270 2.099609 36.743160 -16.186010 E
S 43 S 47.729490 3.344727 39.843750 0.000000 32.397460 29.101560 2.050781 30.786130 -44.796850 E
S 44 S 54.101560 3.295898 42.944340 0.000000 29.321290 24.658200 1.831055 25.805660 -78.488910 E
S 45 S 54.248050 2.880859 42.871090 0.000000 29.052730 24.243160 1.953125 25.366210 -78.488910 E
S 46 S 54.418950 2.832031 42.578130 0.000000 28.930660 24.316410 1.904297 25.170900 -77.590410 E
S 47 S 55.468750 2.636719 44.091800 0.000000 28.710940 23.803710 1.831055 24.560550 -77.590410 E
S 48 S 56.005860 2.856445 43.896480 0.000000 28.442380 23.608400 1.879883 24.511720 -79.401440 E
S 49 S 56.762700 2.905273 44.116210 0.000000 28.100590 23.193360 1.879883 24.047850 -81.048510 E
S 50 S 56.713870 3.076172 44.433590 0.000000 28.125000 23.022460 1.977539 23.754880 -77.219180 E
S 51 S 57.324220 2.978516 44.433590 0.000000 28.320310 22.583010 2.001953 23.535160 -77.219180 E
S 52 S 58.349610 2.905273 45.678710 0.000000 27.563480 22.412110 1.879883 23.315430 -81.467990 E
S 53 S 58.496090 3.442383 45.556640 0.000000 27.636720 22.558590 1.879883 23.022460 -83.466430 E
S 54 S 59.033200 3.369141 46.240230 0.000000 27.807620 22.119140 2.001953 22.509770 -83.466430 E
S 55 S 59.716800 3.271484 46.093750 0.000000 27.929690 21.997070 1.684570 22.802730 -84.924160 E
S 56 S 59.765630 3.564453 45.898440 0.000000 27.416990 21.582030 1.953125 22.241210 -88.866030 E
S 57 S 59.399410 2.905273 45.483400 0.000000 27.416990 21.582030 2.026367 22.167970 -88.866030 E
S 58 S 60.644530 3.833008 46.679690 0.000000 26.538090 20.898440 1.953125 21.777340 -82.876080 E
S 59 S 60.864260 3.588867 46.557620 0.000000 26.977540 21.313480 1.806641 21.704100 -88.007480 E
S 60 S 60.864260 3.833008 46.533200 0.000000 26.904300 21.386720 1.831055 21.679690 -88.007480 E
S 61 S 61.450200 3.808594 47.094730 0.000000 27.124020 20.898440 1.611328 21.240230 -89.434360 E
S 62 S 61.572270 3.442383 46.826170 0.000000 27.319340 21.289060 1.757813 21.997070 -77.024380 E
S 63 S 61.840820 3.686523 47.143550 0.000000 26.489260 20.874020 1.782227 21.044920 -77.024380 E
S 64 S 62.133790 3.930664 47.338870 0.000000 26.733400 20.874020 1.708984 20.898440 -80.660000 E
S 65 S 61.962890 3.808594 47.534180 0.000000 26.782230 20.556640 1.586914 21.337890 -80.660000 E
S 66 S 62.402340 3.857422 48.681640 0.000000 26.660160 20.239260 1.708984 20.898440 -74.820820 E
S 67 S 62.646480 3.735352 48.681640 0.000000 26.757810 20.434570 1.831055 21.069340 -74.820820 E
S 68 S 62.231450 4.028320 48.388670 0.000000 26.635740 20.214840 1.879883 20.898440 -64.650490 E
S 69 S 62.304690 4.589844 48.999020 0.000000 26.757810 20.483400 2.050781 20.922850 -70.577070 E
S 70 S 62.524410 5.078125 49.780270 0.000000 27.148440 20.385740 1.879883 20.971680 -61.586560 E
S 71 S 61.718750 4.736328 49.316410 0.000000 27.124020 19.897460 2.001953 20.703130 -61.586560 E
S 72 S 61.791990 5.029297 49.267580 0.000000 27.001950 19.995120 2.148438 20.825200 -67.435440 E
S 73 S 61.181640 5.419922 49.682620 0.000000 27.270510 20.288090 2.197266 20.776370 -67.435440 E
S 74 S 61.132810 5.981445 49.951170 0.000000 27.539060 20.312500 2.148438 20.971680 -52.500520 E
S 75 S 60.400390 6.323242 50.366210 0.000000 27.636720 20.190430 2.319336 20.849610 -51.270340 E
S 76 S 59.912110 6.665039 50.561520 0.000000 27.563480 20.117190 2.392578 21.020510 -50.834810 E
S 77 S 59.936520 7.324219 51.245120 0.000000 28.247070 20.458980 2.294922 20.996090 -46.697700 E
S 78 S 58.691410 7.641602 51.245120 0.000000 28.295900 20.019530 2.758789 20.971680 -41.918160 E
S 79 S 58.081050 8.203125 51.318360 0.000000 28.515630 20.141600 2.807617 21.118160 -41.918160 E
S 80 S 57.739260 8.886719 52.294920 0.000000 28.857420 20.507810 2.880859 21.411130 -38.404360 E
S 81 S 56.909180 9.301758 52.270510 0.000000 28.930660 20.581050 2.856445 21.508790 -38.610930 E
S 82 S 56.494140 9.790039 52.416990 0.000000 29.272460 20.556640 3.344727 21.557620 -28.701770 E
S 83 S 55.273440 10.449220 52.172850 0.000000 29.467770 20.507810 3.637695 21.923830 -28.701770 E
S 84 S 54.980470 10.424800 51.611330 0.000000 29.516600 20.629880 3.540039 22.265630 -24.256180 E
S 85 S 47.558590 11.596680 46.557620 0.000000 31.103520 25.024410 2.685547 24.243160 -3.590589 E
S 86 S 44.824220 5.639648 21.508790 0.000000 33.007810 50.268550 12.744140 33.325200 5.518101 E
S 87 S 45.385740 9.423828 17.456050 0.000000 32.983400 55.078130 17.919920 34.912110 5.518101 E
S 88 S 45.263670 15.136720 13.208010 0.000000 33.447270 60.571290 24.169920 36.669920 0.205132 E
S 89 S 45.629880 22.485350 9.375000 0.000000 33.691410 66.381840 30.688480 38.769530 0.205132 E
S 90 S 44.653320 36.132810 6.445313 0.000000 33.593750 74.853520 41.430660 42.749020 -5.722942 E
S 91 S 44.482420 44.555660 6.762695 0.000000 33.251950 78.149410 46.411130 44.702150 0.356036 E
S 92 S 43.725590 51.171880 8.349609 0.000000 33.251950 79.882810 49.755860 46.337890 -5.185914 E
S 93 S 43.554690 55.664060 9.448242 0.000000 33.154300 80.346680 51.611330 47.607420 -5.185914 E
S 94 S 42.846680 57.348630 9.228516 0.000000 33.056640 78.637700 51.000980 48.217770 -13.920770 E
S 95 S 42.675780 55.615230 8.178711 0.000000 32.714840 74.560550 47.436520 48.095700 -13.920770 E
S 96 S 42.651370 47.436520 7.348633 0.000000 32.177730 64.550780 37.182620 45.874020 -15.132520 E
S 97 S 42.651370 40.014650 9.008789 0.000000 31.201170 58.129880 30.273440 43.481450 -20.537240 E
S 98 S 42.846680 32.714840 12.548830 0.000000 30.883790 52.441410 23.828130 41.210940 -20.277180 E
S 99 S 43.164060 25.878910 16.894530 0.000000 30.517580 47.802730 18.237300 39.892580 -20.277180 E
S 100 S 43.774410 19.726560 21.533200 0.000000 30.273440 43.774410 13.452150 38.598630 -31.265250 E
S 101 S 44.824220 12.280270 28.271480 0.000000 30.151370 38.085940 7.080078 36.352540 -26.556090 E
S 102 S 45.605470 9.204102 30.932620 0.000000 29.589840 35.302730 4.516602 34.960940 -26.556090 E
S 103 S 46.166990 7.299805 33.154300 0.000000 29.248050 32.690430 2.758789 33.276370 -26.886420 E
S 104 S 47.143550 5.810547 35.766600 0.000000 29.272460 31.250000 1.635742 33.349610 -33.027590 E
S 105 S 48.120120 4.907227 38.037110 0.000000 29.174800 29.516600 1.220703 32.617190 -33.027590 E
S 106 S 49.584960 4.858398 40.966800 0.000000 29.052730 27.905270 0.805664 31.225590 -33.438340 E
S 107 S 50.390630 4.785156 41.918950 0.000000 28.955080 26.464840 0.683594 30.224610 -38.728950 E
S 108 S 51.440430 4.858398 43.261720 0.000000 28.564450 25.488280 0.878906 29.907230 -38.728950 E
S 109 S 52.001950 5.078125 44.287110 0.000000 28.051760 24.389650 0.756836 27.880860 -38.246790 E
S 110 S 53.149410 5.078125 45.019530 0.000000 28.100590 24.072270 1.220703 28.173830 -46.323620 E
S 111 S 54.882810 5.249023 46.118160 0.000000 27.709960 23.095700 1.171875 27.319340 -69.781480 E
S 112 S 55.883790 5.859375 47.338870 0.000000 27.490230 22.314450 1.391602 26.391600 -69.781480 E
S 113 S 56.640630 5.615234 47.705080 0.000000 27.172850 21.948240 1.464844 26.171880 -66.537620 E
S 114 S 57.934570 5.737305 47.729490 0.000000 26.440430 21.142580 1.733398 24.804690 -64.758700 E
S 115 S 61.083980 6.079102 51.123050 0.000000 25.830080 18.701170 2.587891 22.387700 -54.517410 E
S 116 S 60.595700 5.761719 51.000980 0.000000 26.293950 18.774410 2.490234 22.314450 -53.936690 E
S 117 S 59.545900 6.005859 51.416020 0.000000 26.757810 18.872070 2.709961 22.705080 -47.858900 E
S 118 S 58.984380 6.298828 51.123050 0.000000 26.928710 19.042970 2.880859 23.022460 -44.329740 E
S 119 S 58.227540 6.347656 51.171880 0.000000 27.270510 19.531250 2.832031 23.266600 -48.142620 E
S 120 S 58.447270 6.518555 51.367190 0.000000 27.661130 20.019530 2.807617 23.437500 -48.142620 E
S 121 S 57.446290 6.567383 50.903320 0.000000 27.685550 20.263670 2.807617 23.535160 -69.229930 E
S 122 S 56.591800 6.640625 50.366210 0.000000 27.954100 20.947270 2.734375 24.047850 -72.202060 E
S 123 S 56.420900 6.274414 49.707030 0.000000 28.247070 21.215820 2.587891 24.414060 -75.606190 E
S 124 S 55.712890 5.883789 48.779300 0.000000 28.002930 21.850590 2.392578 24.707030 -75.606190 E
S 125 S 55.810550 5.590820 48.144530 0.000000 28.173830 21.997070 2.197266 24.536130 -89.330500 E
S 126 S 54.980470 5.297852 47.412110 0.000000 28.417970 22.558590 2.246094 24.853520 -89.330500 E
S 127 S 50.122070 4.223633 25.732420 0.000000 27.954100 29.980470 1.538086 24.707030 -172.496500 E
S 128 S 60.156250 22.387700 12.207030 0.000000 20.898440 28.808590 4.272461 19.458010 -180.000000 E
S 129 S 62.084960 23.315430 12.402340 0.000000 19.873050 27.880860 4.443359 18.481450 -180.000000 E
S 130 S 63.476560 23.632810 12.744140 0.000000 19.384770 27.099610 4.492188 17.895510 -180.000000 E
S 131 S 65.161130 23.706050 13.476560 0.000000 18.798830 26.293950 4.711914 17.114260 -180.000000 E
S 132 S 67.724610 23.559570 14.453130 0.000000 18.041990 25.415040 4.272461 16.235350 -168.666900 E
S 133 S 68.139650 23.022460 15.112300 0.000000 17.700200 24.658200 4.223633 15.844730 -168.666900 E
S 134 S 69.897460 22.680660 15.869140 0.000000 17.138670 23.974610 4.223633 15.380860 -180.000000 E
S 135 S 70.629880 21.557620 17.407230 0.000000 17.163090 23.559570 4.199219 15.014650 -171.381300 E
S 136 S 71.508790 21.069340 18.383790 0.000000 16.821290 23.120120 3.710938 14.575200 -171.381300 E
S 137 S 73.071290 19.873050 20.507810 0.000000 17.114260 22.705080 3.466797 14.624020 -173.491700 E
S 138 S 72.875980 18.603520 21.557620 0.000000 17.553710 22.705080 3.491211 14.624020 -162.546500 E
S 139 S 74.731450 17.773440 22.631840 0.000000 17.456050 22.900390 3.417969 14.721680 -162.546500 E
S 140 S 74.877930 16.748050 24.340820 0.000000 17.822270 23.095700 3.588867 14.819340 -161.947300 E
S 141 S 75.097660 15.551760 25.830080 0.000000 18.188480 22.851560 3.344727 15.087890 -164.371600 E
S 142 S 74.658200 13.720700 28.051760 0.000000 18.774410 23.339840 2.758789 16.064450 -156.634600 E
S 143 S 74.511720 12.744140 29.809570 0.000000 19.213870 23.559570 2.612305 16.650390 -156.634600 E
S 144 S 73.632810 11.645510 30.859380 0.000000 20.141600 23.925780 2.343750 17.456050 -134.341100 E
S 145 S 73.168950 10.693360 32.714840 0.000000 21.020510 24.462890 2.490234 18.164060 -134.341100 E
S 146 S 72.900390 9.057617 34.765630 0.000000 21.899410 25.561520 2.612305 19.506840 -124.350900 E
S 147 S 70.605470 7.348633 36.865230 0.000000 23.779300 26.977540 2.441406 21.459960 -104.761400 E
S 148 S 68.750000 6.469727 38.232420 0.000000 24.780270 27.490230 1.953125 23.022460 -87.915290 E
S 149 S 67.211910 5.590820 39.160160 0.000000 26.000980 28.466800 1.684570 24.560550 -87.915290 E
S 150 S 64.819340 4.882813 39.892580 0.000000 27.294920 29.028320 1.757813 25.708010 -51.788800 E
S 151 S 62.768550 3.735352 41.503910 0.000000 29.150390 31.347660 1.538086 28.710940 -22.665040 E
S 152 S 61.035160 3.637695 42.749020 0.000000 30.224610 32.177730 1.538086 30.419920 -22.665040 E
S 153 S 58.203130 3.540039 42.602540 0.000000 31.811520 33.422850 1.440430 32.666020 -20.712070 E
S 154 S 57.373050 3.198242 43.237300 0.000000 32.666020 33.593750 1.147461 33.178710 -3.004545 E
S 155 S 55.810550 3.198242 43.261720 0.000000 33.593750 34.619140 1.293945 35.400390 11.615480 E
S 156 S 55.322270 3.100586 43.090820 0.000000 34.082030 35.180660 1.147461 35.668950 11.615480 E
S 157 S 53.686520 3.125000 42.993160 0.000000 34.619140 35.449220 0.976563 37.011720 5.201089 E
S 158 S 52.587890 3.149414 43.212890 0.000000 35.424800 36.401370 1.147461 38.354490 0.132402 E
S 159 S 52.734380 3.247070 43.457030 0.000000 36.157230 36.621090 1.098633 39.013670 -0.367842 E
S 160 S 51.806640 3.442383 43.652340 0.000000 36.865230 37.353520 1.171875 40.405270 -1.207970 E
S 161 S 51.220700 3.344727 43.286130 0.000000 36.962890 37.133790 1.245117 40.356450 -1.207970 E
S 162 S 51.293950 3.442383 43.652340 0.000000 37.109380 37.646480 1.147461 40.991210 -2.282981 E
S 163 S 51.708980 3.710938 43.920900 0.000000 37.207030 37.622070 1.147461 41.015630 -5.653392 E
S 164 S 51.538090 3.564453 43.994140 0.000000 37.280270 37.231450 1.074219 40.600590 -23.645150 E
S 165 S 52.368160 3.564453 44.775390 0.000000 37.402340 37.451170 1.171875 41.088870 -23.645150 E
S 166 S 52.734380 3.857422 45.361330 0.000000 37.573240 37.524410 1.171875 40.600590 -25.896330 E
S 167 S 53.222660 3.808594 45.214840 0.000000 37.182620 37.426760 1.220703 40.698240 -25.896330 E
S 168 S 59.326170 3.051758 41.113280 0.000000 34.448240 35.400390 1.171875 35.058590 -144.112100 E
S 169 S 63.378910 17.944340 18.945310 0.000000 27.880860 35.156250 3.393555 29.931640 -147.455600 E
S 170 S 64.794920 19.921880 17.700200 0.000000 26.733400 34.179690 3.833008 28.710940 -148.609400 E
S 171 S 66.625980 22.021480 16.748050 0.000000 25.390630 33.496090 4.052734 27.880860 -148.609400 E
S 172 S 68.286130 23.730470 16.284180 0.000000 24.365230 32.348630 4.101563 26.660160 -150.846400 E
S 173 S 70.019530 25.317380 15.673830 0.000000 23.510740 31.323240 4.565430 26.000980 -155.439100 E
S 174 S 73.559570 27.050780 15.576170 0.000000 21.435550 29.785160 4.736328 24.414060 -162.991800 E
S 175 S 74.902340 27.587890 15.625000 0.000000 20.458980 28.442380 4.760742 23.608400 -162.991800 E
S 176 S 77.026370 27.758790 16.308590 0.000000 19.604490 27.075200 4.638672 22.363280 -153.974600 E
S 177 S 77.954100 27.856450 16.503910 0.000000 18.676760 25.634770 4.467773 21.533200 -153.974600 E
S 178 S 79.956050 27.734380 16.748050 0.000000 17.822270 24.633790 4.370117 20.825200 -161.959900 E
S 179 S 83.056640 27.368160 17.895510 0.000000 16.748050 22.949220 3.637695 19.604490 -164.386600 E
S 180 S 84.448240 27.050780 18.310550 0.000000 16.259770 21.752930 3.662109 18.579100 -168.512900 E
S 181 S 86.035160 26.464840 19.067380 0.000000 15.771480 20.996090 3.149414 17.944340 -168.512900 E
S 182 S 86.865230 25.244140 19.750980 0.000000 15.258790 19.995120 2.954102 17.480470 -158.522500 E
S 183 S 88.085940 24.560550 20.385740 0.000000 14.819340 19.067380 2.954102 16.992190 -158.522500 E
S 184 S 90.014650 23.242190 21.191410 0.000000 14.086910 17.846680 2.563477 16.137700 -169.619500 E
S 185 S 90.405270 21.826170 21.997070 0.000000 13.793950 17.260740 2.392578 15.649410 -172.560700 E
S 186 S 91.284180 21.020510 23.242190 0.000000 13.647460 16.772460 2.148438 15.307620 -173.253800 E
S 187 S 92.382810 20.043950 24.487300 0.000000 13.378910 15.966800 2.001953 15.039060 -173.253800 E
S 188 S 93.530270 18.579100 25.610350 0.000000 13.037110 15.502930 1.855469 14.575200 -155.661600 E
S 189 S 94.531250 16.650390 27.075200 0.000000 13.208010 15.283200 1.806641 14.501950 -157.048400 E
S 190 S 94.702150 15.576170 28.247070 0.000000 13.232420 14.868160 1.635742 14.111330 -153.137700 E
S 191 S 95.581050 14.599610 29.833980 0.000000 13.378910 14.404300 1.635742 14.306640 -153.137700 E
S 192 S 95.849610 13.574220 31.689450 0.000000 13.623050 14.062500 1.342773 14.257810 -141.965400 E
S 193 S 96.289060 12.182620 33.105470 0.000000 14.184570 13.916020 1.220703 14.575200 -132.393700 E
S 194 S 96.899410 10.449220 35.156250 0.000000 14.624020 14.648440 1.171875 15.405270 -123.420800 E
S 195 S 96.997070 9.570313 37.084960 0.000000 15.258790 14.819340 1.342773 15.307620 -123.420800 E
S 196 S 97.412110 8.471680 38.867190 0.000000 15.551760 14.843750 1.245117 15.625000 -120.425000 E
S 197 S 96.020510 7.324219 40.258790 0.000000 16.015630 14.941410 1.171875 16.430660 -120.425000 E
S 198 S 95.190430 5.908203 42.675780 0.000000 16.845700 14.965820 1.196289 17.016600 -95.241070 E
S 199 S 93.896480 4.443359 45.263670 0.000000 17.919920 15.332030 1.147461 18.115230 -58.301560 E
S 200 S 93.212890 3.759766 46.728520 0.000000 18.579100 15.771480 1.098633 18.774410 -26.489740 E
S 201 S 90.893550 2.978516 49.829100 0.000000 20.092770 16.406250 1.220703 20.385740 -8.125182 E
S 202 S 89.477540 2.758789 51.123050 0.000000 20.825200 16.015630 1.440430 20.825200 -8.125182 E
S 203 S 88.452150 2.856445 52.587890 0.000000 21.142580 16.064450 1.708984 21.386720 22.193640 E
S 204 S 87.060550 2.807617 54.125980 0.000000 21.801760 15.893550 1.806641 22.290040 22.193640 E
S 205 S 84.252930 3.320313 55.859380 0.000000 22.705080 15.869140 2.197266 23.632810 54.177470 E
S 206 S 83.496090 3.857422 57.495120 0.000000 23.266600 15.551760 2.612305 24.365230 80.974640 E
S 207 S 81.567380 4.809570 58.569340 0.000000 23.706050 14.843750 3.369141 24.877930 89.930990 E
S 208 S 80.957030 5.688477 59.765630 0.000000 23.974610 13.940430 4.394531 25.000000 89.930990 E
S 209 S 78.076170 6.787109 61.108400 0.000000 24.365230 13.256840 5.249023 26.220700 87.691800 E
S 210 S 37.573240 23.608400 53.833010 0.000000 32.519530 12.573240 28.344730 50.878910 153.764200 E
S 211 S 15.795900 14.477540 30.590820 0.000000 32.714840 22.558590 28.833010 76.977540 180.000000 E
S 212 S 14.770510 13.500980 28.881840 0.000000 32.666020 23.535160 28.222660 79.223630 180.000000 E
S 213 S 13.525390 12.426760 27.221680 0.000000 32.568360 25.048830 26.977540 81.201170 180.000000 E
S 214 S 12.695310 11.914060 25.732420 0.000000 32.519530 25.903320 25.830080 82.421880 180.000000 E
S 215 S 11.523440 10.571290 23.974610 0.000000 32.739260 27.783200 24.389650 83.984380 180.000000 E
S 216 S 11.206050 10.205080 23.681640 0.000000 33.007810 29.077150 23.486330 85.693360 176.242300 E
S 217 S 10.693360 9.936523 23.193360 0.000000 33.349610 30.273440 22.241210 87.524410 176.242300 E
S 218 S 10.351560 9.765625 23.095700 0.000000 33.886720 32.055660 21.240230 88.159180 173.523400 E
S 219 S 10.571290 9.570313 22.631840 0.000000 34.350590 33.471680 20.141600 89.379880 170.908800 E
S 220 S 10.888670 9.057617 22.705080 0.000000 35.449220 36.157230 18.212890 89.746090 166.739800 E
S 221 S 11.230470 8.422852 22.583010 0.000000 36.401370 38.354490 16.992190 90.234380 166.739800 E
S 222 S 11.425780 8.374023 22.998050 0.000000 37.377930 39.965820 15.917970 90.405270 157.400900 E
S 223 S 11.987300 8.349609 23.779300 0.000000 38.305660 41.503910 14.868160 90.576170 157.400900 E
S 224 S 12.939450 8.520508 24.584960 0.000000 39.062500 43.017580 13.281250 89.550780 140.599900 E
S 225 S 15.380860 7.739258 25.708010 0.000000 41.113280 45.971680 10.937500 85.644530 116.092400 E
S 226 S 16.577150 6.982422 26.440430 0.000000 42.260740 47.192380 10.009770 84.057620 97.902150 E
S 227 S 17.895510 6.689453 27.368160 0.000000 43.310550 48.608400 8.569336 82.373050 81.433260 E
S 228 S 19.604490 6.884766 28.662110 0.000000 44.458010 50.097660 7.641602 80.688480 81.433260 E
S 229 S 20.947270 6.738281 29.687500 0.000000 45.361330 51.220700 6.665039 78.906250 46.314410 E
S 230 S 23.535160 6.176758 31.103520 0.000000 45.605470 51.342770 5.664063 75.512700 46.314410 E
S 231 S 25.463870 5.249023 31.640630 0.000000 45.849610 51.147460 5.224609 71.997070 22.282550 E
S 232 S 28.295900 4.174805 31.982420 0.000000 45.361330 49.755860 4.443359 67.773440 -15.606090 E
S 233 S 30.566410 3.906250 33.374020 0.000000 44.946290 49.145510 3.955078 64.770510 -15.606090 E
S 234 S 33.496090 3.540039 34.741210 0.000000 44.873050 48.803710 3.710938 61.718750 -46.428410 E
S 235 S 35.766600 3.417969 36.035160 0.000000 44.238280 48.413090 3.051758 59.155270 -46.428410 E
S 236 S 40.869140 2.685547 37.792970 0.000000 42.968750 46.484380 2.685547 54.101560 -65.238240 E
S 237 S 43.969730 2.368164 37.768550 0.000000 41.723630 44.189450 2.587891 50.317380 -95.957970 E
S 238 S 46.069340 1.953125 37.890630 0.000000 40.063480 42.163090 2.319336 47.460940 -99.772490 E
S 239 S 49.047850 1.684570 38.574220 0.000000 38.671880 40.893550 2.124023 45.141600 -99.772490 E
S 240 S 51.684570 1.708984 39.306640 0.000000 37.548830 39.575200 2.124023 42.724610 -99.137030 E
S 241 S 56.567380 2.050781 40.112300 0.000000 35.791020 37.548830 2.050781 39.379880 -104.426300 E
S 242 S 58.276370 2.465820 40.161130 0.000000 34.863280 36.572270 1.953125 38.232420 -104.426300 E
S 243 S 60.351560 2.563477 40.722660 0.000000 33.178710 34.692380 1.757813 36.132810 -85.135900 E
S 244 S 61.914060 2.587891 40.991210 0.000000 32.861330 33.813480 1.782227 34.399410 -85.135900 E
S 245 S 62.988280 2.685547 41.528320 0.000000 31.860350 33.325200 1.708984 34.130860 -95.127350 E
S 246 S 63.671880 2.880859 42.480470 0.000000 31.884770 32.592770 1.782227 33.325200 -95.025410 E
S 247 S 65.039060 2.709961 43.676760 0.000000 31.738280 32.446290 1.782227 33.129880 -95.025410 E
S 248 S 64.965820 2.587891 43.676760 0.000000 31.567380 32.226560 1.831055 32.641600 -70.900730 E
S 249 S 64.501950 2.465820 43.432620 0.000000 31.542970 32.128910 1.684570 32.910160 -54.000030 E
S 250 S 63.842770 2.636719 43.896480 0.000000 31.762700 31.591800 1.757813 32.885740 -54.000030 E
S 251 S 61.962890 2.416992 46.557620 0.000000 33.056640 32.470700 1.538086 34.741210 -14.158800 E
S 252 S 63.183590 2.734375 46.093750 0.000000 32.177730 31.933590 1.318359 33.959960 -13.776480 E
S 253 S 62.890630 2.880859 46.337890 0.000000 32.128910 32.031250 1.586914 34.130860 -27.034540 E
S 254 S 64.135740 2.905273 46.606450 0.000000 31.958010 32.202150 1.464844 34.179690 -24.829320 E
S 255 S 64.477540 2.758789 46.850590 0.000000 32.031250 31.835940 1.513672 33.593750 -24.829320 E
S 256 S 64.868160 3.027344 46.118160 0.000000 31.689450 31.860350 1.586914 33.325200 -25.888890 E
S 257 S 65.185550 3.393555 45.776370 0.000000 30.932620 31.372070 1.660156 33.129880 -34.072080 E
S 258 S 65.917970 2.807617 45.776370 0.000000 30.517580 31.054690 1.464844 32.617190 -50.297420 E
S 259 S 67.163090 3.002930 45.776370 0.000000 30.541990 31.005860 1.635742 32.153320 -50.297420 E
S 260 S 68.017580 3.222656 46.166990 0.000000 30.273440 31.176760 1.635742 32.080080 -58.666530 E
S 261 S 68.139650 3.247070 45.727540 0.000000 29.858400 31.079100 1.806641 32.006840 -58.666530 E
S 262 S 68.798830 3.588867 44.873050 0.000000 29.052730 30.200200 2.001953 31.250000 -53.485940 E
S 263 S 69.482420 3.417969 44.580080 0.000000 28.515630 29.687500 1.831055 30.395510 -53.485940 E
S 264 S 69.409180 3.588867 44.091800 0.000000 28.295900 29.541020 1.904297 30.297850 -75.379710 E
S 265 S 71.044920 3.686523 44.555660 0.000000 28.125000 29.638670 1.953125 30.395510 -77.044350 E
S 266 S 71.459960 3.955078 44.775390 0.000000 27.954100 29.296880 1.904297 29.956050 -77.044350 E
S 267 S 71.557620 4.125977 43.798830 0.000000 27.246090 29.077150 2.148438 29.589840 -64.762950 E
S 268 S 71.313480 4.003906 43.627930 0.000000 26.879880 28.710940 2.172852 29.296880 -54.868040 E
S 269 S 71.142580 4.223633 43.505860 0.000000 26.684570 28.002930 2.099609 28.930660 -54.868040 E
S 270 S 71.752930 4.101563 43.701170 0.000000 26.660160 27.636720 2.026367 28.369140 -71.948370 E
S 271 S 72.216800 4.174805 43.945310 0.000000 26.562500 27.587890 1.977539 28.588870 -76.341500 E
S 272 S 71.948240 4.052734 44.140630 0.000000 26.513670 27.685550 1.953125 28.881840 -54.781570 E
S 273 S 71.093750 4.101563 44.433590 0.000000 26.538090 27.539060 2.099609 29.077150 -54.781570 E
S 274 S 71.191410 3.710938 44.287110 0.000000 26.464840 26.904300 1.855469 28.540040 -49.647430 E
S 275 S 70.434570 3.930664 44.213870 0.000000 26.293950 26.293950 1.855469 28.247070 -49.647430 E
S 276 S 70.678710 3.857422 44.531250 0.000000 26.245120 25.805660 1.611328 28.393550 -80.100050 E
S 277 S 70.019530 3.588867 45.239260 0.000000 26.269530 25.390630 1.538086 27.954100 -73.826850 E
S 278 S 69.775390 3.173828 46.142580 0.000000 26.269530 24.414060 1.440430 27.685550 -76.643380 E
S 279 S 69.604490 3.076172 46.508790 0.000000 26.147460 23.583980 1.489258 27.465820 -76.643380 E
S 280 S 68.188480 2.929688 46.557620 0.000000 25.805660 22.363280 1.440430 26.538090 -69.836440 E
S 281 S 67.700200 2.709961 47.021480 0.000000 25.830080 21.044920 1.562500 26.538090 -69.836440 E
S 282 S 66.723630 2.587891 47.631840 0.000000 25.561520 18.896480 1.757813 24.975590 -94.812450 E
S 283 S 65.673830 2.734375 49.072270 0.000000 25.439450 16.650390 3.027344 24.414060 -117.672900 E
S 284 S 62.939450 2.929688 50.415040 0.000000 25.000000 13.500980 5.810547 22.631840 -136.616300 E
S 285 S 60.913090 3.466797 50.830080 0.000000 24.609380 10.473630 8.471680 21.118160 -149.518900 E
S 286 S 58.374020 3.784180 50.659180 0.000000 23.876950 7.788086 11.621090 18.505860 -149.518900 E
S 287 S 55.932620 4.907227 50.878910 0.000000 23.071290 5.249023 15.625000 16.064450 -140.542000 E
S 288 S 50.756840 6.738281 50.952150 0.000000 21.606450 3.710938 23.535160 12.036130 -126.924300 E
S 289 S 47.387700 8.203125 50.463870 0.000000 20.532230 5.175781 28.930660 9.130859 -126.924300 E
S 290 S 42.822270 9.423828 48.901370 0.000000 19.091800 8.251953 34.033200 6.347656 -129.749200 E
S 291 S 38.745120 10.815430 46.752930 0.000000 17.309570 12.377930 38.500980 3.613281 -61.183110 E
S 292 S 33.593750 10.986330 43.286130 0.000000 15.234380 16.088870 42.089840 2.001953 -61.183110 E
S 293 S 2.246094 2.392578 3.588867 0.000000 0.756836 3.222656 6.616211 1.879883 -14.086960 E
S 294 S 0.634766 0.732422 0.634766 0.000000 0.756836 0.463867 0.854492 0.634766 -60.526310 E
S 295 S 0.512695 0.805664 0.708008 0.000000 0.537109 0.781250 0.756836 0.610352 18.181030 E
S 296 S 0.634766 0.708008 0.610352 0.000000 0.561523 0.708008 0.659180 0.732422 18.181030 E
S 297 S 0.610352 0.683594 0.952148 0.000000 0.463867 0.537109 0.610352 0.610352 -11.586210 E
S 298 S 0.634766 0.683594 0.683594 0.000000 0.854492 0.585938 0.781250 0.756836 -11.586210 E
S 299 S 0.732422 0.708008 0.878906 0.000000 0.585938 0.708008 0.732422 0.537109 14.400000 E
S 300 S 0.610352 0.708008 0.439453 0.000000 0.683594 0.463867 0.756836 0.488281 14.400000 E
S 301 S 0.390625 0.683594 0.512695 0.000000 0.390625 0.610352 0.756836 0.415039 -49.360830 E
S 302 S 0.683594 0.610352 0.634766 0.000000 0.854492 0.781250 0.903320 0.561523 -49.360830 E
S 303 S 0.561523 0.732422 0.781250 0.000000 0.781250 0.781250 0.781250 0.659180 -9.387148 E
S 304 S 0.292969 0.585938 0.610352 0.000000 0.537109 0.830078 0.805664 0.512695 67.540200 E
S 305 S 0.537109 0.708008 0.683594 0.000000 0.585938 0.854492 0.781250 0.537109 -2.183953 E
S 306 S 0.561523 0.756836 0.805664 0.000000 0.708008 0.659180 0.952148 0.659180 -2.183953 E
S 307 S 0.878906 0.878906 0.634766 0.000000 0.561523 0.634766 0.903320 0.610352 -18.560590 E
S 308 S 0.610352 0.634766 0.561523 0.000000 0.463867 0.585938 0.683594 0.512695 -18.560590 E
S 309 S 0.634766 0.585938 0.659180 0.000000 0.610352 0.585938 0.830078 0.634766 39.294820 E
S 310 S 0.708008 0.830078 0.634766 0.000000 0.463867 0.756836 0.805664 0.585938 -3.428571 E
S 311 S 0.659180 0.634766 0.781250 0.000000 0.561523 0.878906 0.732422 0.732422 -8.000001 E
S 312 S 0.683594 0.585938 0.610352 0.000000 0.634766 0.659180 0.830078 0.683594 21.842700 E
S 313 S 0.756836 0.634766 0.634766 0.000000 0.439453 0.659180 0.805664 0.512695 21.842700 E
S 314 S 0.585938 0.708008 0.732422 0.000000 0.683594 0.610352 0.781250 0.512695 12.355810 E
S 315 S 0.634766 0.708008 0.366211 0.000000 0.805664 0.537109 0.732422 0.634766 -78.541520 E
S 316 S 0.317383 0.390625 0.463867 0.000000 0.659180 0.439453 0.659180 0.463867 -78.541520 E
S 317 S 0.488281 0.708008 0.732422 0.000000 0.781250 0.805664 0.830078 0.537109 -34.113090 E
S 318 S 0.634766 0.634766 0.366211 0.000000 0.805664 0.683594 0.683594 0.634766 121.996500 E
S 319 S 0.341797 0.537109 0.488281 0.000000 0.683594 0.463867 0.854492 0.512695 121.996500 E
S 320 S 0.415039 0.708008 0.610352 0.000000 0.903320 0.708008 0.512695 0.610352 -17.209760 E
S 321 S 0.683594 0.732422 0.634766 0.000000 0.488281 0.585938 0.756836 0.756836 -4.128441 E
S 322 S 0.585938 0.659180 0.708008 0.000000 0.634766 0.390625 0.756836 0.317383 -4.128441 E
S 323 S 0.366211 0.537109 0.561523 0.000000 0.781250 0.610352 0.659180 0.415039 17.721650 E
S 324 S 0.732422 0.708008 0.488281 0.000000 0.439453 0.683594 0.537109 0.708008 28.400010 E
S 325 S 0.610352 0.585938 0.683594 0.000000 0.512695 0.585938 0.610352 0.732422 -40.444450 E
S 326 S 0.610352 0.537109 0.292969 0.000000 0.415039 0.585938 0.659180 0.634766 -64.041890 E
S 327 S 0.756836 0.390625 0.732422 0.000000 0.659180 0.756836 0.732422 0.439453 -64.041890 E
S 328 S 0.585938 0.610352 0.781250 0.000000 0.634766 0.439453 0.732422 0.610352 -1.769701 E
S 329 S 0.415039 0.659180 0.781250 0.000000 0.732422 0.781250 0.610352 0.634766 -16.005910 E
S 330 S 0.390625 0.561523 0.659180 0.000000 0.708008 0.488281 0.659180 0.561523 -16.005910 E
S 331 S 0.439453 0.463867 0.610352 0.000000 0.561523 0.561523 0.610352 0.366211 -63.177050 E
S 332 S 0.488281 0.463867 0.537109 0.000000 0.488281 0.390625 0.463867 0.585938 66.372740 E
S 333 S 0.561523 0.610352 0.537109 0.000000 0.561523 0.463867 0.732422 0.610352 66.372740 E
S 334 S 0.903320 0.756836 0.439453 0.000000 0.463867 0.488281 0.634766 0.610352 5.178532 E
S 335 S 0.732422 0.781250 0.610352 0.000000 0.903320 0.585938 0.634766 0.634766 12.144580 E
S 336 S 0.634766 0.830078 0.756836 0.000000 0.634766 0.488281 0.805664 0.708008 12.144580 E
S 337 S 0.537109 0.537109 0.463867 0.000000 0.634766 0.585938 0.488281 0.585938 -64.552860 E
S 338 S 0.683594 0.512695 0.805664 0.000000 0.537109 0.732422 0.488281 0.781250 67.379330 E
S 339 S 0.952148 0.708008 0.634766 0.000000 0.683594 0.683594 0.805664 0.781250 -94.762020 E
S 340 S 0.878906 0.537109 0.756836 0.000000 0.561523 0.708008 0.756836 0.756836 -94.762020 E
S 341 S 0.732422 0.732422 0.708008 0.000000 0.610352 0.488281 0.781250 0.537109 2.083182 E
S 342 S 0.561523 0.659180 0.537109 0.000000 0.659180 0.561523 0.878906 0.708008 48.505260 E
S 343 S 0.659180 0.463867 0.634766 0.000000 0.854492 0.488281 0.903320 0.708008 -6.665174 E
S 344 S 0.512695 0.610352 0.390625 0.000000 0.634766 0.659180 0.683594 0.439453 -6.665174 E
S 345 S 0.512695 0.634766 0.537109 0.000000 0.512695 0.610352 0.756836 0.732422 -14.096340 E
S 346 S 0.488281 0.585938 0.659180 0.000000 0.610352 0.732422 0.708008 0.610352 -14.096340 E
S 347 S 0.585938 0.756836 0.830078 0.000000 0.805664 0.537109 0.659180 0.634766 13.320810 E
S 348 S 0.561523 0.585938 0.390625 0.000000 0.561523 0.708008 0.585938 0.512695 -13.955430 E
S 349 S 0.561523 0.585938 0.830078 0.000000 0.732422 0.512695 0.781250 0.683594 20.513260 E
S 350 S 0.537109 0.610352 0.854492 0.000000 0.366211 0.512695 0.634766 0.561523 20.513260 E
S 351 S 0.463867 0.585938 0.537109 0.000000 0.439453 0.659180 0.659180 0.415039 13.424840 E
S 352 S 0.585938 0.537109 0.561523 0.000000 0.585938 0.659180 0.634766 0.659180 13.424840 E
S 353 S 0.634766 0.341797 0.781250 0.000000 0.195313 0.683594 0.634766 0.561523 -1.510490 E
S 354 S 0.463867 0.659180 0.585938 0.000000 0.756836 0.659180 0.610352 0.659180 -64.519490 E
S 355 S 0.537109 0.610352 0.537109 0.000000 0.366211 0.585938 0.756836 0.683594 7.200000 E
S 356 S 0.805664 0.561523 0.537109 0.000000 0.683594 0.585938 0.781250 0.683594 7.200000 E
S 357 S 0.659180 0.756836 0.341797 0.000000 0.781250 0.708008 0.659180 0.781250 94.365950 E
S 358 S 0.561523 0.708008 0.415039 0.000000 0.610352 0.585938 0.659180 0.537109 94.365950 E
S 359 S 0.561523 0.927734 0.610352 0.000000 0.537109 0.781250 0.634766 0.781250 -10.068970 E
S 360 S 0.463867 0.561523 0.585938 0.000000 0.610352 0.561523 0.659180 0.732422 -73.474330 E
S 361 S 0.756836 0.512695 0.659180 0.000000 0.512695 0.610352 0.634766 0.610352 87.785350 E
S 362 S 0.439453 0.683594 0.634766 0.000000 0.463867 0.610352 0.952148 0.439453 87.785350 E
S 363 S 0.512695 0.805664 0.439453 0.000000 0.439453 0.756836 0.878906 0.756836 -8.070608 E
S 364 S 0.463867 0.659180 0.537109 0.000000 0.537109 0.537109 0.781250 0.463867 21.677760 E
S 365 S 0.488281 0.537109 0.659180 0.000000 0.537109 0.512695 0.585938 0.463867 -9.335629 E
S 366 S 0.659180 0.439453 0.756836 0.000000 0.561523 0.610352 0.634766 0.561523 -17.608420 E
S 367 S 0.561523 0.683594 0.390625 0.000000 0.561523 0.585938 0.585938 0.659180 -19.084340 E
S 368 S 0.244141 0.561523 0.610352 0.000000 0.634766 0.561523 0.732422 0.488281 -19.084340 E
S 369 S 0.463867 0.610352 0.512695 0.000000 0.561523 0.659180 0.512695 0.610352 8.269788 E
S 370 S 0.537109 0.561523 0.537109 0.000000 0.512695 0.512695 0.659180 0.415039 5.373134 E
S 371 S 0.561523 0.805664 0.708008 0.000000 0.585938 0.634766 0.732422 0.756836 -25.500000 E
S 372 S 0.415039 1.000977 0.708008 0.000000 0.488281 0.512695 0.878906 0.585938 -25.500000 E
S 373 S 0.610352 0.561523 0.659180 0.000000 0.634766 0.390625 0.781250 0.463867 48.691800 E
S 374 S 0.537109 0.659180 0.537109 0.000000 0.585938 0.634766 0.805664 0.610352 52.926930 E
S 375 S 0.732422 0.756836 0.585938 0.000000 0.585938 0.659180 0.756836 0.512695 52.926930 E
S 376 S 0.537109 0.683594 0.585938 0.000000 0.756836 0.512695 0.805664 0.659180 -82.793040 E
S 377 S 0.512695 0.488281 0.634766 0.000000 0.659180 0.610352 0.537109 0.537109 8.372093 E
S 378 S 0.830078 0.976563 0.708008 0.000000 0.585938 0.561523 0.830078 0.537109 8.372093 E
S 379 S 0.708008 0.659180 0.415039 0.000000 0.878906 0.585938 0.634766 0.634766 20.463160 E
S 380 S 0.683594 0.512695 0.830078 0.000000 0.683594 0.537109 0.683594 0.708008 -1.755113 E
S 381 S 0.537109 0.561523 0.439453 0.000000 0.415039 0.512695 0.585938 0.488281 -1.755113 E
S 382 S 0.854492 0.781250 0.878906 0.000000 0.756836 0.512695 0.683594 0.683594 -0.602511 E
S 383 S 0.317383 0.634766 0.659180 0.000000 0.756836 0.683594 0.708008 0.585938 7.573304 E
S 384 S 0.585938 0.488281 0.830078 0.000000 0.634766 0.708008 0.878906 0.561523 73.127940 E
S 385 S 0.463867 0.463867 0.512695 0.000000 0.561523 0.439453 0.659180 0.415039 73.127940 E
S 386 S 0.585938 0.463867 0.732422 0.000000 0.610352 0.488281 0.805664 0.634766 11.322600 E
S 387 S 0.634766 0.683594 0.659180 0.000000 0.683594 0.756836 0.732422 0.585938 -39.438210 E
S 388 S 0.268555 0.512695 0.537109 0.000000 0.366211 0.512695 0.537109 0.512695 -39.438210 E
S 389 S 0.683594 0.634766 0.683594 0.000000 0.659180 0.537109 0.683594 0.708008 -4.235294 E
S 390 S 0.585938 0.659180 0.781250 0.000000 0.854492 0.390625 0.708008 0.756836 -7.623530 E
S 391 S 0.512695 0.756836 0.561523 0.000000 0.610352 0.341797 0.854492 0.610352 -7.623530 E
S 392 S 0.512695 0.537109 0.366211 0.000000 0.390625 0.390625 0.585938 0.463867 -12.626780 E
S 393 S 0.561523 0.292969 0.537109 0.000000 0.512695 0.366211 0.683594 0.488281 94.695650 E
S 394 S 0.292969 0.219727 0.561523 0.000000 0.463867 0.415039 0.561523 0.610352 94.695650 E
S 395 S 0.830078 0.634766 0.634766 0.000000 0.781250 0.659180 0.854492 0.781250 -92.622140 E
S 396 S 0.415039 0.610352 0.756836 0.000000 0.781250 0.439453 0.756836 0.732422 -18.543260 E
S 397 S 0.683594 0.732422 0.708008 0.000000 0.756836 0.854492 0.708008 0.756836 -18.543260 E
S 398 S 0.488281 0.512695 0.488281 0.000000 0.463867 0.317383 0.634766 0.561523 81.230770 E
S 399 S 0.634766 0.585938 0.415039 0.000000 0.512695 0.512695 0.708008 0.561523 1.278351 E
S 400 S 0.634766 0.537109 0.952148 0.000000 0.659180 0.683594 0.708008 0.683594 1.278351 E
S 401 S 0.561523 0.415039 0.512695 0.000000 0.585938 0.488281 0.610352 0.585938 20.921550 E
S 402 S 0.537109 0.634766 0.463867 0.000000 0.512695 0.634766 0.830078 0.537109 -67.805260 E
S 403 S 0.512695 0.488281 0.781250 0.000000 0.463867 0.561523 0.585938 0.488281 -67.805260 E
S 404 S 0.610352 0.488281 0.781250 0.000000 0.537109 0.634766 0.878906 0.561523 -26.169230 E
S 405 S 0.683594 0.659180 0.634766 0.000000 0.683594 0.854492 0.756836 0.781250 51.724150 E
S 406 S 0.805664 0.634766 0.732422 0.000000 0.610352 0.488281 0.732422 0.585938 20.842110 E
S 407 S 0.659180 0.561523 0.708008 0.000000 0.732422 0.512695 0.610352 0.488281 -7.623530 E
S 408 S 0.708008 0.561523 0.537109 0.000000 0.415039 0.634766 0.659180 0.683594 -7.623530 E
S 409 S 0.439453 0.830078 0.537109 0.000000 0.585938 0.610352 0.610352 0.537109 35.800960 E
S 410 S 0.659180 0.634766 0.854492 0.000000 0.903320 0.659180 0.854492 0.732422 38.049710 E
S 411 S 0.561523 0.512695 0.659180 0.000000 0.512695 0.561523 0.634766 0.683594 5.410406 E
S 412 S 0.683594 0.463867 0.585938 0.000000 0.366211 0.561523 0.927734 0.512695 28.363640 E
S 413 S 0.561523 0.610352 0.805664 0.000000 0.610352 0.610352 0.732422 0.708008 28.363640 E
S 414 S 0.585938 0.927734 1.049805 0.000000 0.585938 0.561523 0.781250 0.512695 -27.857140 E
S 415 S 0.512695 0.683594 0.585938 0.000000 0.488281 0.512695 0.708008 0.537109 19.894740 E
S 416 S 0.585938 0.585938 0.781250 0.000000 0.512695 0.732422 0.878906 0.732422 19.894740 E
S 417 S 0.561523 0.683594 0.561523 0.000000 0.512695 0.805664 0.610352 0.610352 -36.000010 E
S 418 S 0.463867 0.561523 0.610352 0.000000 0.537109 0.756836 0.830078 0.488281 -8.000000 E
S 419 S 0.585938 0.781250 0.634766 0.000000 0.610352 0.585938 0.659180 0.610352 -8.000000 E
S 420 S 0.512695 0.585938 0.659180 0.000000 0.683594 0.512695 0.561523 0.512695 97.398270 E
S 421 S 0.561523 0.488281 0.512695 0.000000 0.610352 0.585938 0.805664 0.610352 -6.817348 E
S 422 S 0.659180 0.830078 1.074219 0.000000 0.732422 0.659180 0.756836 0.610352 -6.817348 E
S 423 S 0.488281 0.634766 0.659180 0.000000 0.512695 0.537109 0.512695 0.634766 -4.015776 E
S 424 S 0.708008 0.537109 0.805664 0.000000 0.634766 0.585938 0.610352 0.610352 -67.848530 E
