S 0 S 40.039060 2.709961 44.311520 38.281250 33.447270 23.632810 7.348633 38.769530 210.000000 E
S 1 S 1.611328 1.098633 1.660156 0.805664 0.854492 1.757813 6.884766 0.976563 210.000000 E
S 2 S 1.147461 0.585938 0.952148 0.854492 0.756836 0.903320 1.904297 0.854492 210.000000 E
S 3 S 1.293945 0.708008 0.976563 0.830078 0.927734 0.903320 1.611328 0.830078 210.000000 E
S 4 S 1.171875 0.585938 0.952148 0.830078 0.830078 0.732422 1.538086 0.781250 210.000000 E
S 5 S 1.416016 0.439453 0.854492 0.805664 0.781250 0.830078 1.342773 0.903320 210.000000 E
S 6 S 1.074219 0.488281 0.854492 0.756836 0.634766 0.781250 1.196289 0.805664 210.000000 E
S 7 S 1.147461 0.512695 0.903320 1.025391 0.683594 1.025391 1.245117 0.927734 210.000000 E
S 8 S 1.196289 0.512695 0.952148 0.878906 0.781250 0.781250 1.098633 0.903320 210.000000 E
S 9 S 1.342773 0.537109 0.878906 0.903320 0.683594 0.732422 1.074219 0.976563 210.000000 E
S 10 S 1.123047 0.488281 0.805664 0.830078 0.854492 0.659180 1.147461 0.903320 210.000000 E
S 11 S 1.220703 0.415039 0.854492 0.830078 0.781250 0.781250 1.171875 0.903320 210.000000 E
S 12 S 1.147461 0.561523 0.878906 0.878906 0.781250 0.903320 0.952148 0.927734 210.000000 E
S 13 S 1.074219 0.708008 0.830078 0.805664 0.732422 0.708008 1.074219 0.952148 210.000000 E
S 14 S 1.147461 0.903320 0.927734 0.854492 0.927734 0.805664 0.952148 0.878906 210.000000 E
S 15 S 1.196289 0.585938 0.976563 0.903320 0.903320 0.708008 1.000977 0.952148 210.000000 E
S 16 S 1.098633 0.537109 0.927734 0.830078 0.805664 0.781250 0.927734 0.976563 210.000000 E
S 17 S 1.293945 0.341797 1.049805 0.952148 0.781250 0.927734 0.976563 0.976563 210.000000 E
S 18 S 1.245117 0.537109 1.025391 0.927734 0.830078 0.683594 0.976563 1.025391 210.000000 E
S 19 S 1.245117 0.537109 1.074219 0.927734 0.854492 0.659180 1.000977 0.927734 210.000000 E
S 20 S 1.245117 0.512695 1.147461 0.903320 0.756836 0.781250 1.123047 0.708008 210.000000 E
S 21 S 1.171875 0.610352 1.171875 0.854492 0.927734 0.756836 1.000977 0.854492 210.000000 E
S 22 S 1.220703 0.610352 1.196289 0.781250 0.805664 0.854492 0.903320 0.952148 210.000000 E
S 23 S 1.098633 0.537109 1.123047 0.830078 0.878906 0.634766 0.830078 0.878906 210.000000 E
S 24 S 1.220703 0.463867 1.074219 0.878906 0.781250 0.732422 0.976563 0.927734 210.000000 E
S 25 S 1.269531 0.659180 1.171875 0.976563 0.805664 0.781250 0.830078 0.952148 210.000000 E
S 26 S 1.220703 0.488281 1.025391 0.830078 0.756836 0.756836 0.878906 0.952148 210.000000 E
S 27 S 1.147461 0.537109 1.171875 0.830078 0.781250 0.805664 0.805664 0.927734 210.000000 E
S 28 S 1.245117 0.488281 1.147461 0.781250 0.830078 0.756836 0.830078 0.903320 210.000000 E
S 29 S 1.269531 0.585938 1.098633 1.000977 0.659180 0.781250 0.830078 1.049805 210.000000 E
S 30 S 1.025391 0.659180 1.171875 0.878906 0.756836 0.830078 0.854492 1.000977 210.000000 E
S 31 S 1.147461 0.512695 1.025391 0.830078 0.708008 0.756836 0.781250 1.074219 210.000000 E
S 32 S 0.952148 0.585938 0.976563 0.854492 0.830078 0.756836 0.927734 0.927734 210.000000 E
S 33 S 1.416016 0.585938 1.074219 0.927734 0.781250 0.854492 0.781250 1.049805 210.000000 E
S 34 S 1.269531 0.708008 1.049805 0.878906 0.683594 0.756836 0.854492 1.025391 210.000000 E
S 35 S 1.293945 0.512695 1.025391 0.854492 0.756836 0.854492 0.927734 1.049805 210.000000 E
S 36 S 1.367188 0.415039 1.123047 1.000977 0.781250 0.878906 0.903320 1.049805 210.000000 E
S 37 S 1.123047 0.537109 1.196289 0.878906 0.854492 0.781250 1.025391 0.854492 210.000000 E
S 38 S 1.391602 0.537109 1.025391 0.756836 0.732422 0.805664 0.830078 1.049805 210.000000 E
S 39 S 1.196289 0.463867 1.025391 0.854492 0.610352 0.732422 0.756836 1.049805 210.000000 E
S 40 S 1.367188 0.390625 0.976563 0.878906 0.756836 0.854492 0.927734 1.171875 210.000000 E
S 41 S 1.245117 0.512695 1.000977 0.878906 0.903320 0.854492 0.976563 1.318359 210.000000 E
S 42 S 1.318359 0.610352 1.171875 0.878906 0.756836 0.903320 0.854492 1.269531 210.000000 E
S 43 S 1.293945 0.610352 0.903320 1.000977 0.830078 1.000977 0.927734 1.464844 210.000000 E
S 44 S 1.245117 0.561523 1.025391 0.805664 0.805664 0.854492 1.000977 1.391602 210.000000 E
S 45 S 1.342773 0.708008 0.708008 0.878906 1.220703 1.733398 1.391602 6.445313 210.000000 E
S 46 S 1.391602 0.878906 1.049805 0.878906 3.393555 8.642578 1.806641 21.411130 210.000000 E
S 47 S 1.318359 0.732422 1.245117 0.903320 4.003906 10.229490 1.757813 23.779300 210.000000 E
S 48 S 1.416016 1.000977 1.391602 1.000977 4.541016 11.889650 1.904297 26.318360 210.000000 E
S 49 S 1.538086 1.025391 1.538086 1.000977 5.444336 13.720700 1.733398 28.930660 210.000000 E
S 50 S 1.538086 0.903320 1.733398 1.220703 6.127930 15.673830 1.782227 31.640630 210.000000 E
S 51 S 1.562500 1.074219 2.001953 1.489258 7.812500 19.531250 1.806641 36.718750 210.000000 E
S 52 S 1.782227 0.878906 2.221680 1.733398 9.033203 22.045900 1.831055 40.063480 210.000000 E
S 53 S 27.221680 5.273438 16.406250 32.275390 40.673830 66.357420 11.450200 64.306640 -74.730230 E
S 54 S 28.662110 6.103516 17.065430 33.471680 40.356450 64.941410 10.791020 62.817380 -74.730230 E
S 55 S 30.053710 6.567383 17.749020 34.765630 40.332030 63.378910 10.424800 60.961910 -73.018390 E
S 56 S 32.348630 7.397461 19.262700 36.474610 40.014650 60.693360 9.594727 57.983400 -92.984710 E
S 57 S 33.374020 7.543945 19.799800 36.987300 39.501950 59.082030 8.959961 56.250000 -92.984710 E
S 58 S 34.619140 7.495117 20.727540 37.670900 38.940430 57.397460 8.300781 54.638670 -94.029650 E
S 59 S 35.400390 7.617188 21.630860 38.208010 38.500980 56.079100 8.032227 53.491210 -94.029650 E
S 60 S 35.986330 7.910156 22.094730 38.549800 38.378910 54.809570 7.128906 52.612300 -84.195350 E
S 61 S 36.962890 7.714844 22.998050 39.257810 38.012700 52.880860 6.127930 51.000980 -73.887870 E
S 62 S 37.841800 7.836914 23.754880 39.770510 37.792970 51.708980 5.639648 50.122070 -76.609530 E
S 63 S 38.134770 7.714844 24.389650 39.965820 37.548830 50.561520 5.200195 49.096680 -76.609530 E
S 64 S 38.793950 7.666016 25.146480 40.087890 37.182620 49.511720 4.760742 48.388670 -62.884030 E
S 65 S 39.038090 7.519531 25.708010 40.380860 37.036130 48.413090 4.174805 47.558590 -62.884030 E
S 66 S 40.136720 7.348633 27.392580 40.991210 36.791990 46.850590 3.784180 46.264650 -58.096210 E
S 67 S 40.502930 6.958008 27.856450 41.308590 36.645510 46.533200 3.784180 45.751950 -59.841740 E
S 68 S 40.527340 6.640625 28.369140 41.430660 36.425780 45.605470 3.320313 45.190430 -49.737690 E
S 69 S 40.576170 6.469727 28.833010 41.162110 36.230470 44.653320 3.076172 44.482420 -49.737690 E
S 70 S 40.429690 6.323242 29.345700 41.040040 36.010740 43.896480 2.709961 44.360350 -44.971620 E
S 71 S 40.478520 5.908203 29.687500 41.137700 36.010740 43.212890 2.368164 43.701170 -44.971620 E
S 72 S 41.162110 5.395508 31.542970 41.259770 35.717770 41.699220 1.977539 42.797850 -18.893930 E
S 73 S 41.064450 5.273438 31.909180 41.210940 35.498050 40.942380 1.977539 41.992190 -19.732350 E
S 74 S 33.154300 3.173828 38.061520 34.497070 42.163090 41.894530 5.810547 53.369140 -210.000000 E
S 75 S 33.203130 3.076172 37.963870 34.594730 42.431640 42.456050 5.371094 53.613280 -210.000000 E
S 76 S 33.447270 2.978516 37.695310 34.814450 42.602540 43.750000 4.833984 54.003910 -210.000000 E
S 77 S 33.203130 2.270508 35.546880 34.863280 42.407230 44.604490 4.174805 53.759770 -210.000000 E
S 78 S 33.300780 2.026367 34.741210 34.960940 42.578130 45.214840 3.881836 53.881840 -210.000000 E
S 79 S 32.983400 1.733398 33.715820 34.667970 42.504880 46.166990 3.588867 54.272460 -210.000000 E
S 80 S 32.666020 1.586914 32.543950 34.252930 42.480470 46.630860 3.100586 54.443360 -210.000000 E
S 81 S 32.177730 1.611328 30.957030 33.984380 42.138670 47.485350 2.905273 54.614260 -210.000000 E
S 82 S 31.469730 1.367188 28.051760 32.812500 41.528320 48.608400 2.514648 54.956050 -210.000000 E
S 83 S 30.517580 1.171875 26.074220 32.202150 41.284180 49.609380 2.197266 55.371090 -210.000000 E
S 84 S 29.907230 1.367188 23.999020 31.591800 41.040040 50.317380 2.050781 55.786130 -210.000000 E
S 85 S 29.248050 1.586914 21.923830 30.834960 40.625000 51.611330 1.879883 56.225590 -210.000000 E
S 86 S 28.613280 1.831055 19.946290 30.126950 40.014650 53.247070 1.708984 57.177730 -210.000000 E
S 87 S 32.153320 13.452150 10.498050 32.031250 31.079100 52.124020 11.425780 44.848630 -153.938600 E
S 88 S 32.373050 5.859375 19.555660 34.887700 34.863280 49.560550 6.445313 44.555660 -48.229870 E
S 89 S 32.006840 5.053711 20.336910 34.887700 35.498050 49.682620 5.981445 44.946290 -59.286860 E
S 90 S 31.713870 4.443359 21.093750 35.009770 36.010740 49.829100 5.786133 45.507810 -59.286860 E
S 91 S 31.005860 3.906250 21.728520 34.960940 36.523440 49.926760 5.029297 46.069340 -32.267640 E
S 92 S 30.053710 3.222656 22.314450 34.448240 37.329100 50.146480 4.443359 47.094730 6.090510 E
S 93 S 29.956050 2.709961 22.875980 34.448240 37.597660 50.146480 4.125977 47.436520 19.754670 E
S 94 S 39.257810 2.734375 31.323240 39.257810 34.545900 38.427730 1.562500 36.376950 -94.245630 E
S 95 S 38.696290 2.807617 30.834960 39.135740 34.545900 38.525390 1.684570 36.596680 -94.245630 E
S 96 S 38.354490 2.734375 30.615230 38.916020 34.741210 39.013670 1.416016 36.962890 -95.949550 E
S 97 S 37.988280 2.514648 30.200200 38.525390 35.009770 39.550780 1.684570 37.353520 -100.726700 E
S 98 S 36.767580 2.636719 28.881840 38.085940 35.571290 40.380860 1.660156 38.354490 -92.937480 E
S 99 S 36.108400 2.734375 28.222660 37.744140 36.035160 41.088870 1.635742 39.038090 -92.937480 E
S 100 S 35.449220 2.832031 27.197270 37.231450 36.279300 41.943360 1.684570 39.721680 -84.541980 E
S 101 S 34.594730 2.832031 26.391600 36.767580 36.401370 42.675780 1.831055 40.380860 -84.541980 E
S 102 S 33.935550 2.954102 25.634770 36.230470 36.572270 43.847660 1.855469 41.088870 -82.672350 E
S 103 S 33.398440 3.247070 24.267580 35.815430 36.791990 45.288090 2.075195 42.138670 -78.831630 E
S 104 S 32.958980 3.393555 23.583980 35.595700 36.840820 46.215820 2.441406 42.529300 -93.812190 E
S 105 S 32.543950 3.491211 22.802730 35.424800 36.987300 46.899410 2.636719 43.066410 -93.812190 E
S 106 S 32.202150 3.833008 22.192380 35.058590 36.791990 47.290040 2.905273 43.359380 -78.389140 E
S 107 S 31.811520 4.003906 21.508790 35.083010 36.645510 47.973630 3.149414 43.920900 -78.389140 E
S 108 S 31.542970 4.394531 20.825200 34.838870 36.523440 48.535160 3.613281 44.165040 -69.877340 E
S 109 S 31.665040 4.565430 20.849610 35.009770 36.499020 49.072270 4.003906 44.335940 -64.739840 E
S 110 S 31.542970 4.638672 20.874020 34.936520 36.230470 49.047850 4.321289 44.213870 -66.391920 E
S 111 S 31.738280 4.736328 20.581050 35.107420 36.010740 48.876950 4.541016 44.165040 -66.391920 E
S 112 S 31.494140 5.053711 20.288090 34.912110 35.791020 48.510740 4.394531 43.969730 -61.103520 E
S 113 S 32.104490 5.151367 21.118160 35.766600 35.742190 48.217770 4.736328 43.652340 -43.904160 E
S 114 S 32.226560 5.371094 21.411130 35.913090 35.644530 47.778320 4.858398 43.481450 -43.904160 E
S 115 S 32.397460 5.249023 21.679690 36.157230 35.571290 47.509770 4.785156 43.090820 -45.465100 E
S 116 S 33.056640 5.419922 21.972660 36.450200 35.400390 46.923830 4.687500 42.626950 -45.465100 E
S 117 S 33.496090 5.273438 22.534180 36.816410 35.449220 46.508790 4.687500 42.260740 -42.929340 E
S 118 S 33.959960 5.151367 23.559570 37.304690 34.985350 45.776370 4.663086 41.748050 -46.515550 E
S 119 S 34.497070 5.102539 23.901370 37.451170 34.790040 45.117190 4.345703 41.308590 -31.790230 E
S 120 S 34.887700 5.151367 24.414060 37.866210 34.814450 44.653320 4.248047 40.869140 -31.790230 E
S 121 S 35.278320 5.126953 24.877930 38.110350 34.619140 44.165040 4.101563 40.649410 -31.452050 E
S 122 S 35.717770 5.297852 25.561520 38.305660 34.521480 43.359380 3.857422 40.209960 -31.452050 E
S 123 S 36.523440 4.809570 26.562500 38.818360 34.252930 42.456050 3.759766 39.526370 -31.333300 E
S 124 S 37.011720 4.663086 27.221680 39.038090 33.959960 42.187500 3.662109 39.355470 -35.510490 E
S 125 S 37.451170 4.711914 27.612300 39.160160 33.740230 41.528320 3.393555 38.916020 -36.632670 E
S 126 S 37.646480 4.589844 27.856450 39.257810 33.642580 40.942380 3.320313 38.671880 -36.632670 E
S 127 S 37.890630 4.760742 28.491210 39.331050 33.544920 40.283200 3.051758 38.305660 -25.197880 E
S 128 S 38.183590 4.516602 28.662110 39.428710 33.398440 40.039060 3.051758 38.354490 -25.197880 E
S 129 S 42.358400 4.492188 34.350590 41.186520 31.567380 34.545900 1.684570 36.596680 -30.289530 E
S 130 S 44.653320 3.173828 45.947270 41.723630 30.371090 25.317380 1.171875 35.571290 -52.815660 E
S 131 S 45.385740 3.588867 48.510740 41.870120 30.322270 23.754880 1.660156 35.644530 -67.238430 E
S 132 S 45.434570 4.003906 51.000980 41.943360 30.468750 21.875000 2.612305 35.058590 -67.238430 E
S 133 S 45.947270 5.297852 54.125980 41.894530 30.395510 20.263670 4.003906 35.058590 -78.976060 E
S 134 S 46.484380 8.129883 58.862300 41.699220 30.493160 16.894530 7.641602 34.838870 -74.169680 E
S 135 S 46.850590 10.522460 62.280270 41.723630 30.664060 14.501950 10.742190 34.448240 -68.458280 E
S 136 S 47.216800 13.745120 66.259770 41.455080 30.883790 12.353520 14.086910 34.375000 -68.458280 E
S 137 S 47.509770 17.602540 70.410160 41.479490 31.250000 10.131840 18.139650 34.008790 -56.428520 E
S 138 S 47.778320 22.534180 75.439450 41.235350 31.372070 7.861328 23.046880 33.422850 -56.428520 E
S 139 S 47.631840 31.298830 82.641600 40.332030 31.811520 5.346680 31.884770 32.153320 -14.845840 E
S 140 S 47.509770 36.132810 86.254880 39.746090 32.324220 4.760742 36.987300 31.689450 -14.845840 E
S 141 S 36.987300 2.758789 28.637700 38.623050 37.915040 45.678710 2.807617 41.674800 -58.526870 E
S 142 S 37.475590 2.783203 28.686520 38.940430 37.939450 46.093750 3.002930 41.821290 -80.782000 E
S 143 S 37.597660 2.929688 28.784180 39.086910 38.134770 46.606450 3.295898 41.845700 -80.782000 E
S 144 S 37.158200 3.344727 27.026370 38.842770 37.988280 46.997070 3.540039 41.796880 -90.052430 E
S 145 S 37.011720 3.833008 26.074220 38.500980 37.719730 47.192380 3.637695 41.821290 -97.867770 E
S 146 S 36.914060 4.296875 24.926760 38.378910 37.597660 47.631840 3.881836 41.992190 -97.867770 E
S 147 S 37.011720 4.931641 24.487300 38.183590 37.695310 48.266600 4.077148 42.236330 -102.227100 E
S 148 S 36.767580 5.249023 23.510740 38.110350 37.670900 48.754880 4.516602 42.504880 -103.682100 E
S 149 S 36.596680 5.859375 22.314450 38.085940 37.548830 49.951170 4.931641 43.164060 -107.133800 E
S 150 S 36.401370 6.494141 21.606450 37.744140 37.475590 50.390630 5.395508 43.530270 -107.133800 E
S 151 S 36.181640 7.202148 20.556640 37.622070 37.304690 51.269530 5.688477 44.165040 -99.229550 E
S 152 S 36.035160 7.861328 20.019530 37.500000 37.548830 51.953130 6.103516 44.580080 -99.120350 E
S 153 S 36.035160 7.763672 19.824220 37.670900 37.548830 52.465820 6.445313 44.946290 -99.120350 E
S 154 S 35.717770 8.227539 19.360350 37.548830 37.353520 53.002930 7.055664 45.825200 -74.458060 E
S 155 S 35.498050 8.422852 19.384770 37.670900 37.353520 52.905270 7.031250 46.044920 -65.031630 E
S 156 S 36.035160 8.569336 20.117190 37.963870 37.402340 53.198240 7.128906 46.166990 -65.031630 E
S 157 S 36.352540 8.081055 20.605470 38.159180 37.622070 53.466800 7.617188 46.264650 -76.325610 E
S 158 S 35.839840 7.836914 20.654300 38.159180 37.597660 53.149410 7.495117 46.508790 -76.325610 E
S 159 S 35.937500 7.934570 20.825200 38.403320 37.792970 52.709960 7.055664 46.606450 -56.962760 E
S 160 S 36.230470 7.666016 21.508790 38.574220 37.792970 52.490230 6.616211 46.606450 -56.962760 E
S 161 S 36.279300 7.397461 21.850590 38.671880 37.646480 51.879880 6.372070 46.362300 -53.547350 E
S 162 S 36.523440 7.104492 22.412110 38.745120 37.695310 51.489260 6.274414 46.044920 -57.314990 E
S 163 S 36.914060 6.933594 23.120120 38.989260 37.426760 50.952150 6.005859 45.800780 -57.314990 E
S 164 S 37.060550 6.738281 23.388670 39.062500 37.402340 50.317380 5.712891 45.410160 -50.804100 E
S 165 S 37.304690 6.542969 24.047850 39.355470 37.548830 49.584960 5.322266 45.361330 -46.576010 E
S 166 S 37.573240 6.420898 24.633790 39.453130 37.597660 49.414060 5.004883 45.239260 -46.576010 E
S 167 S 37.866210 6.103516 25.097660 39.697270 37.573240 49.145510 4.760742 45.141600 -40.243240 E
S 168 S 37.841800 5.908203 25.683590 39.746090 37.622070 48.681640 4.736328 44.897460 -37.095680 E
S 169 S 38.037110 5.664063 25.927730 39.526370 37.670900 48.364260 4.296875 44.921880 -37.095680 E
S 170 S 43.872070 1.977539 38.403320 41.723630 36.621090 37.915040 1.269531 37.866210 -38.313900 E
S 171 S 44.018550 1.879883 38.330080 41.625980 36.621090 37.670900 1.293945 37.744140 -46.610680 E
S 172 S 43.969730 1.855469 38.330080 41.552730 36.450200 37.524410 1.098633 37.670900 -46.610680 E
S 173 S 43.774410 1.879883 38.232420 41.552730 36.718750 37.768550 1.293945 37.841800 -45.015040 E
S 174 S 44.018550 1.977539 38.427730 41.699220 36.840820 37.866210 1.318359 37.719730 -45.015040 E
S 175 S 43.945310 1.928711 37.988280 41.455080 36.865230 38.183590 1.367188 37.817380 -62.111150 E
S 176 S 43.652340 1.977539 37.622070 41.284180 36.572270 38.085940 1.416016 37.915040 -61.789730 E
S 177 S 43.334960 1.953125 36.914060 40.893550 36.669920 38.037110 1.293945 37.939450 -64.058610 E
S 178 S 43.554690 1.904297 36.889650 41.088870 36.718750 38.525390 1.416016 38.159180 -64.058610 E
S 179 S 43.408200 1.953125 36.669920 41.210940 36.889650 38.867190 1.391602 38.281250 -73.041000 E
S 180 S 43.701170 1.953125 36.425780 41.088870 36.840820 39.282230 1.416016 38.378910 -75.437910 E
S 181 S 43.432620 2.124023 36.108400 41.040040 36.621090 39.477540 1.440430 38.574220 -75.437910 E
S 182 S 43.164060 1.953125 35.571290 40.844730 36.474610 39.624020 1.440430 38.793950 -70.911100 E
S 183 S 43.041990 2.050781 35.205080 40.576170 36.450200 39.404300 1.440430 38.574220 -55.223030 E
S 184 S 43.041990 2.148438 35.107420 40.771480 36.669920 39.794920 1.464844 38.891600 -55.223030 E
S 185 S 43.237300 2.148438 35.522460 41.137700 36.718750 40.185550 1.513672 39.355470 -52.766990 E
S 186 S 43.090820 2.172852 35.278320 41.235350 36.694340 40.258790 1.708984 39.501950 -49.939850 E
S 187 S 43.090820 2.001953 35.229490 40.966800 36.572270 40.014650 1.245117 39.453130 -49.939850 E
S 188 S 42.968750 2.050781 35.375980 41.210940 36.401370 40.014650 1.635742 39.404300 -37.760760 E
S 189 S 43.334960 2.124023 36.157230 41.455080 36.572270 40.039060 1.635742 39.526370 -43.827200 E
S 190 S 43.359380 2.099609 36.425780 41.479490 36.767580 39.892580 1.684570 39.526370 -38.804090 E
S 191 S 42.749020 1.953125 36.206050 41.162110 36.523440 39.379880 1.635742 39.331050 -24.157650 E
S 192 S 42.895510 1.953125 36.254880 40.966800 36.279300 38.842770 1.733398 39.257810 -24.157650 E
S 193 S 42.773440 1.879883 36.425780 40.942380 36.303710 38.647460 1.489258 39.160160 -22.212660 E
S 194 S 42.846680 1.831055 36.914060 41.064450 36.181640 38.452150 1.660156 39.111330 -22.212660 E
S 195 S 43.164060 1.855469 37.963870 41.259770 36.254880 38.134770 1.757813 38.867190 -21.725150 E
S 196 S 45.703130 1.513672 40.869140 42.407230 35.644530 36.840820 1.318359 37.084960 -37.874350 E
S 197 S 45.776370 1.733398 40.551760 42.431640 35.571290 37.011720 1.367188 37.133790 -50.362500 E
S 198 S 45.703130 1.904297 40.209960 42.407230 35.888670 37.377930 1.342773 37.304690 -50.362500 E
S 199 S 45.825200 1.928711 40.039060 42.504880 36.035160 38.037110 1.391602 37.622070 -62.127090 E
S 200 S 45.654300 1.831055 39.160160 42.309570 36.059570 38.232420 1.367188 37.768550 -62.127090 E
S 201 S 45.214840 2.026367 37.573240 42.065430 36.157230 38.818360 1.318359 37.841800 -78.034580 E
S 202 S 45.068360 2.172852 36.938480 41.992190 36.108400 39.282230 1.489258 38.061520 -88.940060 E
S 203 S 44.946290 2.221680 36.035160 42.041020 36.230470 39.941410 1.391602 38.183590 -99.388530 E
S 204 S 44.653320 2.612305 34.936520 41.748050 36.474610 40.502930 1.538086 38.476560 -99.388530 E
S 205 S 44.506840 2.465820 33.837890 41.503910 36.450200 41.137700 1.538086 38.647460 -107.721200 E
S 206 S 43.823240 3.295898 31.518550 41.015630 36.669920 42.309570 1.806641 39.135740 -111.985800 E
S 207 S 43.652340 3.686523 30.322270 41.162110 36.596680 43.212890 2.050781 39.355470 -111.985800 E
S 208 S 43.725590 4.443359 28.735350 40.844730 36.962890 44.360350 2.294922 40.112300 -120.419800 E
S 209 S 42.651370 5.395508 26.440430 40.356450 36.962890 45.068360 2.587891 40.356450 -125.342100 E
S 210 S 42.480470 6.225586 24.829100 40.014650 36.914060 46.020510 2.783203 41.113280 -125.342100 E
S 211 S 43.432620 14.501950 17.114260 38.867190 32.934570 48.486330 7.543945 40.747070 -135.282300 E
S 212 S 44.384770 9.497070 24.536130 40.991210 33.837890 46.020510 6.079102 40.014650 -78.401710 E
S 213 S 43.945310 8.691406 25.219730 40.991210 34.082030 46.093750 5.957031 40.429690 -78.401710 E
S 214 S 42.895510 7.934570 25.366210 40.673830 34.497070 45.996090 5.541992 40.698240 -63.827340 E
S 215 S 42.456050 7.397461 25.903320 40.649410 35.034180 45.996090 4.931641 41.235350 -63.827340 E
S 216 S 41.308590 5.932617 26.562500 40.502930 36.010740 46.411130 4.418945 42.285160 -49.114130 E
S 217 S 40.869140 5.322266 27.758790 40.478520 36.499020 46.386720 4.248047 42.529300 -44.478360 E
S 218 S 40.429690 4.638672 27.807620 40.405270 36.645510 46.240230 4.052734 42.651370 -34.073940 E
S 219 S 40.063480 4.296875 28.125000 40.112300 36.743160 46.142580 3.466797 42.871090 -33.736660 E
S 220 S 39.965820 4.003906 28.613280 40.063480 36.840820 45.654300 3.295898 42.749020 -33.736660 E
S 221 S 39.428710 3.613281 28.662110 39.843750 36.816410 45.117190 3.222656 42.651370 -27.779060 E
S 222 S 39.501950 3.417969 28.906250 39.648440 36.669920 44.824220 2.954102 42.407230 -27.908880 E
S 223 S 39.526370 3.295898 29.248050 39.697270 36.718750 44.580080 2.880859 42.260740 -27.908880 E
S 224 S 39.501950 3.198242 29.370120 39.672850 36.743160 44.262700 2.783203 42.041020 -39.734650 E
S 225 S 39.428710 3.076172 29.516600 39.746090 36.450200 43.652340 2.563477 41.455080 -44.100570 E
S 226 S 39.794920 2.954102 29.711910 39.624020 36.303710 43.286130 2.392578 41.162110 -61.740610 E
S 227 S 39.697270 3.149414 29.370120 39.355470 35.986330 42.504880 2.172852 40.551760 -76.624700 E
S 228 S 39.819340 3.173828 29.443360 39.331050 35.839840 42.358400 2.392578 40.209960 -76.624700 E
S 229 S 39.794920 3.320313 29.296880 39.208980 35.693360 42.114260 2.319336 40.087890 -82.985540 E
S 230 S 39.892580 3.198242 29.003910 39.208980 35.473630 41.796880 2.246094 39.501950 -82.985540 E
S 231 S 39.501950 3.442383 28.417970 38.818360 35.058590 41.406250 2.319336 38.989260 -97.065810 E
S 232 S 39.233400 4.028320 27.270510 38.378910 34.716800 40.795900 2.246094 38.354490 -109.194200 E
S 233 S 39.233400 4.125977 26.806640 38.305660 34.570310 40.966800 2.246094 38.305660 -117.552200 E
S 234 S 39.038090 4.101563 26.562500 38.403320 34.716800 41.284180 2.343750 38.037110 -117.552200 E
S 235 S 38.867190 4.174805 25.781250 38.061520 34.619140 41.625980 2.416992 38.110350 -139.863300 E
S 236 S 37.377930 5.297852 23.193360 36.865230 34.350590 42.089840 2.441406 38.256840 -140.505600 E
S 237 S 36.499020 6.127930 20.874020 35.986330 34.277340 42.700200 2.636719 38.403320 -159.646000 E
S 238 S 35.888670 6.713867 19.506840 35.473630 34.228520 43.359380 2.880859 38.647460 -171.195900 E
S 239 S 35.400390 7.592773 18.212890 35.058590 34.082030 44.287110 3.051758 39.013670 -171.195900 E
S 240 S 35.107420 8.374023 16.894530 34.326170 33.935550 45.117190 3.417969 39.233400 -171.615000 E
S 241 S 34.375000 9.277344 15.209960 33.666990 33.593750 45.727540 3.857422 39.428710 -171.615000 E
S 242 S 34.008790 11.547850 12.255860 32.714840 32.543950 47.412110 5.200195 39.916990 -169.865900 E
S 243 S 33.886720 12.402340 11.523440 32.714840 32.324220 48.193360 6.005859 40.063480 -169.865900 E
S 244 S 34.375000 13.378910 11.132810 32.812500 31.860350 48.876950 6.762695 40.039060 -173.469400 E
S 245 S 34.497070 13.720700 10.791020 32.666020 31.591800 49.194340 7.739258 39.941410 -175.265100 E
S 246 S 34.594730 14.233400 10.449220 32.714840 31.274410 49.462890 8.227539 40.014650 -175.265100 E
S 247 S 35.107420 14.770510 10.473630 33.154300 30.834960 49.511720 9.375000 39.941410 -166.177600 E
S 248 S 35.742190 14.794920 11.206050 33.520510 30.712890 49.584960 9.912109 39.697270 -154.737000 E
S 249 S 35.864260 14.697270 11.523440 33.935550 30.810550 49.707030 10.302730 39.819340 -154.737000 E
S 250 S 36.254880 14.453130 12.207030 34.521480 31.201170 50.000000 10.546880 40.039060 -152.796900 E
S 251 S 36.425780 14.086910 12.695310 34.985350 31.274410 50.170900 10.717770 40.209960 -139.514200 E
S 252 S 33.642580 5.371094 22.070310 37.377930 38.745120 54.467770 6.860352 49.414060 -16.802290 E
S 253 S 38.696290 3.564453 29.223630 39.819340 37.060550 44.677730 2.661133 43.188480 -38.560440 E
S 254 S 38.989260 3.417969 29.736330 40.039060 36.694340 43.994140 2.587891 42.529300 -38.560440 E
S 255 S 39.892580 3.369141 30.541990 40.478520 36.523440 43.383790 2.416992 41.870120 -47.281520 E
S 256 S 40.698240 3.369141 31.225590 40.795900 36.230470 42.626950 2.416992 41.064450 -47.281520 E
S 257 S 41.137700 3.344727 31.713870 40.795900 35.571290 41.210940 2.124023 40.087890 -50.388840 E
S 258 S 41.748050 3.344727 32.128910 40.893550 35.205080 40.478520 2.050781 39.477540 -42.767090 E
S 259 S 41.943360 3.076172 32.470700 40.917970 34.912110 39.794920 2.001953 38.916020 -42.755400 E
S 260 S 42.358400 2.929688 32.910160 41.040040 34.570310 39.208980 1.806641 38.281250 -42.755400 E
S 261 S 42.749020 3.051758 33.251950 41.088870 34.350590 38.574220 1.708984 37.890630 -44.351160 E
S 262 S 43.505860 2.783203 34.130860 41.308590 34.033200 37.670900 1.611328 37.304690 -53.276670 E
S 263 S 43.603520 2.856445 34.594730 41.186520 33.886720 37.207030 1.586914 36.718750 -53.276670 E
S 264 S 43.823240 2.783203 34.912110 41.186520 33.715820 36.694340 1.586914 36.425780 -51.948360 E
S 265 S 43.774410 2.661133 35.034180 41.162110 33.569340 36.254880 1.464844 36.181640 -41.623400 E
S 266 S 43.969730 2.539063 35.620120 41.357420 33.642580 35.766600 1.367188 35.937500 -41.623400 E
S 267 S 44.238280 2.416992 36.083980 41.406250 33.471680 35.498050 1.367188 35.742190 -43.386940 E
S 268 S 44.384770 2.294922 36.572270 41.479490 33.325200 34.814450 1.367188 35.058590 -49.975460 E
S 269 S 44.360350 2.246094 36.791990 41.381840 33.349610 34.448240 1.245117 34.863280 -44.251140 E
S 270 S 44.555660 2.197266 37.377930 41.601560 33.349610 34.326170 1.220703 34.692380 -44.251140 E
S 271 S 44.775390 2.124023 37.963870 41.577150 33.447270 34.008790 1.245117 34.497070 -54.537310 E
S 272 S 44.213870 2.197266 37.573240 41.430660 33.300780 33.789060 1.220703 34.277340 -52.889470 E
S 273 S 43.920900 2.001953 37.500000 41.113280 33.422850 33.251950 1.293945 34.082030 -49.501130 E
S 274 S 43.676760 1.928711 37.646480 40.991210 33.374020 33.325200 1.245117 34.082030 -49.501130 E
S 275 S 43.408200 2.197266 37.695310 40.795900 33.178710 33.032230 1.147461 33.935550 -51.771020 E
S 276 S 43.115230 1.977539 37.500000 40.527340 33.251950 32.861330 1.318359 33.642580 -56.998840 E
S 277 S 42.553710 1.879883 37.084960 40.039060 33.276370 32.690430 1.342773 33.618160 -78.762370 E
S 278 S 42.089840 2.001953 36.840820 39.746090 33.447270 32.861330 1.293945 33.544920 -78.867600 E
S 279 S 41.552730 2.124023 36.547850 39.550780 33.471680 32.983400 1.293945 33.618160 -78.867600 E
S 280 S 41.186520 1.806641 35.888670 39.331050 33.374020 33.081050 1.293945 33.496090 -87.614360 E
S 281 S 40.722660 1.953125 35.253910 38.964840 33.593750 33.154300 1.342773 33.593750 -87.614360 E
S 282 S 40.258790 1.831055 34.790040 38.647460 33.520510 33.422850 1.245117 33.593750 -98.483140 E
S 283 S 39.379880 1.953125 33.471680 38.037110 33.593750 33.935550 1.171875 33.837890 -98.762260 E
S 284 S 38.696290 1.953125 32.617190 37.890630 33.886720 34.765630 1.391602 34.179690 -108.846700 E
S 285 S 38.427730 1.855469 31.689450 37.548830 34.204100 35.498050 1.293945 34.399410 -108.846700 E
S 286 S 37.744140 1.879883 30.590820 36.645510 34.130860 36.254880 1.220703 34.912110 -112.539600 E
S 287 S 36.547850 2.001953 28.784180 36.254880 34.375000 36.840820 1.416016 35.327150 -112.539600 E
S 288 S 35.424800 2.465820 26.318360 35.205080 34.277340 38.305660 1.367188 36.401370 -110.403500 E
S 289 S 35.009770 2.832031 24.853520 34.741210 34.350590 39.526370 1.586914 37.060550 -115.445400 E
S 290 S 34.619140 2.954102 23.315430 34.204100 34.179690 40.502930 1.562500 37.573240 -120.028300 E
S 291 S 33.959960 3.588867 21.972660 33.666990 33.911130 41.430660 1.684570 38.037110 -120.028300 E
S 292 S 33.715820 4.125977 20.605470 33.203130 33.520510 42.138670 1.953125 38.403320 -119.034700 E
S 293 S 37.011720 9.448242 17.944340 34.497070 29.248050 41.040040 4.785156 35.839840 -127.726300 E
S 294 S 38.574220 6.079102 24.658200 36.230470 29.272460 37.280270 3.076172 34.130860 -77.109630 E
S 295 S 38.574220 5.566406 25.415040 36.328130 29.687500 37.207030 2.832031 34.326170 -71.277480 E
S 296 S 38.208010 5.102539 25.708010 36.547850 29.907230 36.938480 2.490234 34.594730 -60.651030 E
S 297 S 37.890630 4.565430 26.440430 36.547850 30.468750 37.084960 2.392578 34.936520 -60.651030 E
S 298 S 38.037110 3.979492 27.368160 36.694340 30.737300 36.938480 2.270508 34.985350 -57.505790 E
S 299 S 37.084960 3.442383 27.856450 36.621090 30.883790 36.718750 1.977539 35.278320 -53.920950 E
S 300 S 37.231450 3.295898 28.271480 36.401370 31.176760 36.352540 1.831055 35.229490 -40.771880 E
S 301 S 37.207030 2.905273 29.028320 36.669920 31.469730 36.572270 1.855469 35.449220 -40.771880 E
S 302 S 36.962890 2.929688 29.394530 36.743160 31.616210 36.499020 1.879883 35.473630 -36.293330 E
S 303 S 37.158200 2.539063 29.858400 36.694340 31.542970 36.279300 1.513672 35.424800 -19.713160 E
S 304 S 37.548830 2.441406 30.639650 36.816410 31.591800 35.864260 1.708984 35.351560 -25.878650 E
S 305 S 37.353520 2.392578 30.908200 36.865230 31.591800 35.742190 1.586914 35.205080 -25.878650 E
S 306 S 37.084960 2.416992 30.908200 36.865230 31.567380 35.498050 1.586914 35.229490 -26.753240 E
S 307 S 37.426760 2.124023 31.347660 37.060550 31.494140 35.375980 1.489258 35.107420 -26.753240 E
S 308 S 40.454100 1.831055 39.404300 37.988280 33.666990 32.226560 1.855469 34.838870 -210.000000 E
S 309 S 40.039060 1.879883 38.696290 37.646480 33.666990 32.324220 1.855469 35.034180 -210.000000 E
S 310 S 39.843750 1.708984 38.085940 37.695310 33.447270 32.739260 1.904297 35.034180 -210.000000 E
S 311 S 39.526370 1.879883 37.426760 37.207030 33.642580 32.568360 1.953125 34.814450 -210.000000 E
S 312 S 39.404300 1.660156 36.962890 37.377930 33.374020 32.788090 1.879883 34.814450 -210.000000 E
S 313 S 39.184570 1.684570 36.279300 37.207030 33.300780 32.958980 1.806641 34.692380 -210.000000 E
S 314 S 38.378910 1.586914 34.887700 36.791990 33.251950 33.129880 1.757813 34.545900 -210.000000 E
S 315 S 37.695310 1.635742 33.837890 36.279300 33.325200 33.325200 1.611328 34.545900 -210.000000 E
S 316 S 36.865230 1.464844 32.568360 35.717770 33.154300 33.666990 1.708984 34.814450 -210.000000 E
S 317 S 35.815430 1.586914 31.005860 35.229490 33.349610 34.106450 1.831055 35.034180 -210.000000 E
S 318 S 33.251950 1.416016 27.807620 33.935550 33.520510 35.205080 1.660156 35.742190 -210.000000 E
S 319 S 31.054690 1.562500 24.267580 32.397460 33.715820 36.572270 1.586914 36.767580 -210.000000 E
S 320 S 29.321290 2.075195 21.606450 31.054690 33.764650 37.377930 1.586914 37.500000 -210.000000 E
S 321 S 27.270510 2.148438 19.018550 29.809570 33.618160 38.354490 1.513672 38.378910 -210.000000 E
S 322 S 25.976560 3.027344 16.333010 28.491210 33.520510 39.477540 1.538086 39.184570 -210.000000 E
S 323 S 24.218750 3.955078 13.574220 27.001950 33.374020 40.966800 1.733398 40.307620 -210.000000 E
S 324 S 21.118160 6.616211 8.325195 24.218750 32.299800 42.700200 1.562500 41.748050 -210.000000 E
S 325 S 19.775390 8.691406 5.834961 22.583010 31.396480 44.091800 1.586914 42.431640 -210.000000 E
S 326 S 18.505860 11.010740 4.174805 20.971680 30.249020 45.117190 2.026367 43.164060 -210.000000 E
S 327 S 17.114260 13.549800 2.929688 19.287110 28.808590 46.264650 2.343750 43.481450 -210.000000 E
S 328 S 16.552730 16.406250 2.832031 18.115230 26.904300 47.290040 3.125000 43.481450 -210.000000 E
S 329 S 15.576170 21.093750 4.931641 16.406250 23.974610 48.657230 6.005859 42.651370 -210.000000 E
S 330 S 15.478520 23.950200 6.909180 15.917970 22.167970 49.316410 8.618164 41.845700 -210.000000 E
S 331 S 15.771480 27.099610 9.057617 15.429690 20.581050 49.584960 11.132810 40.820310 -210.000000 E
S 332 S 16.064450 29.931640 11.206050 15.307620 19.067380 49.755860 14.331050 39.746090 -210.000000 E
S 333 S 16.650390 32.299800 12.670900 15.209960 17.871090 49.414060 16.943360 38.183590 -210.000000 E
S 334 S 17.675780 34.692380 13.476560 15.527340 16.821290 48.510740 19.189450 36.450200 -210.000000 E
S 335 S 32.666020 39.868160 7.324219 18.823240 9.667969 25.024410 12.182620 17.700200 -210.000000 E
S 336 S 45.336910 30.053710 4.980469 20.825200 7.910156 14.941410 5.151367 11.083980 -210.000000 E
S 337 S 46.655270 29.003910 5.786133 21.411130 8.129883 14.697270 4.760742 10.888670 -210.000000 E
S 338 S 47.900390 27.709960 6.860352 21.679690 8.105469 14.404300 4.541016 10.595700 -210.000000 E
S 339 S 49.291990 26.489260 7.861328 22.216800 8.276367 14.257810 4.248047 10.791020 -210.000000 E
S 340 S 51.196290 24.243160 10.400390 23.510740 8.813477 14.355470 3.808594 10.815430 -210.000000 E
S 341 S 52.270510 22.875980 11.987300 24.218750 9.228516 14.355470 3.393555 11.108400 -210.000000 E
S 342 S 53.588870 21.533200 13.891600 25.317380 9.765625 14.233400 3.271484 11.230470 -210.000000 E
S 343 S 54.711910 20.312500 15.893550 26.269530 10.229490 14.624020 3.051758 11.450200 -210.000000 E
S 344 S 55.932620 19.042970 17.724610 27.294920 10.717770 14.941410 3.051758 11.791990 -210.000000 E
S 345 S 57.128910 16.552730 21.411130 29.125980 12.036130 15.698240 2.636719 12.719730 -210.000000 E
S 346 S 57.202150 14.965820 23.510740 30.297850 12.841800 15.917970 2.490234 13.330080 -172.073500 E
S 347 S 58.471680 13.476560 25.976560 31.225590 13.452150 16.503910 2.319336 13.891600 -172.073500 E
S 348 S 58.666990 12.280270 27.905270 32.641600 14.501950 17.358400 2.099609 14.697270 -164.556000 E
S 349 S 58.251950 10.717770 30.029300 33.764650 15.649410 17.895510 2.099609 15.673830 -164.556000 E
S 350 S 57.910160 8.081055 33.447270 35.888670 17.797850 19.287110 1.757813 17.333980 -147.476900 E
S 351 S 57.470700 6.884766 35.522460 37.084960 19.213870 20.483400 1.660156 18.652340 -118.565800 E
S 352 S 55.908200 5.786133 37.109380 37.890630 20.581050 21.557620 1.660156 20.117190 -92.076520 E
S 353 S 54.907230 4.687500 38.745120 38.745120 22.167970 22.509770 1.342773 21.557620 -92.076520 E
S 354 S 53.247070 3.833008 39.770510 39.379880 23.730470 23.730470 1.464844 23.168950 -41.201760 E
S 355 S 50.512700 2.880859 40.795900 40.136720 26.586910 25.610350 1.293945 25.976560 5.179174 E
S 356 S 48.852540 2.612305 41.259770 40.258790 28.173830 26.806640 1.220703 27.758790 5.179174 E
S 357 S 38.671880 2.270508 39.086910 37.622070 33.178710 30.688480 1.733398 33.081050 -61.502550 E
S 358 S 38.330080 2.001953 38.208010 37.353520 33.081050 30.981450 1.611328 33.203130 -82.578480 E
S 359 S 38.085940 1.635742 36.572270 36.962890 33.007810 31.640630 1.635742 33.325200 -97.100960 E
S 360 S 37.426760 1.684570 34.741210 36.791990 33.227540 32.812500 1.538086 33.544920 -109.662200 E
S 361 S 36.938480 1.757813 33.447270 36.547850 33.496090 33.496090 1.171875 33.886720 -109.662200 E
S 362 S 36.474610 1.635742 32.128910 36.230470 33.496090 34.643550 1.269531 34.301760 -133.461400 E
S 363 S 35.595700 1.684570 30.175780 35.742190 33.569340 35.180660 1.171875 34.545900 -133.461400 E
S 364 S 35.009770 1.757813 28.466800 35.229490 33.569340 36.083980 1.342773 34.912110 -124.198200 E
S 365 S 34.057620 2.050781 25.439450 34.399410 33.691410 37.915040 1.147461 35.668950 -138.921100 E
S 366 S 33.544920 2.294922 23.681640 33.959960 33.789060 39.233400 1.293945 36.547850 -166.202000 E
S 367 S 32.788090 2.587891 21.899410 33.764650 33.789060 40.869140 1.489258 37.158200 -166.202000 E
S 368 S 32.299800 3.417969 20.166020 33.129880 34.008790 42.504880 1.757813 38.061520 -157.762200 E
S 369 S 31.762700 4.223633 18.359380 32.495120 33.862300 43.603520 2.197266 38.793950 -157.762200 E
S 370 S 30.810550 5.468750 15.429690 31.762700 33.349610 45.263670 2.734375 39.526370 -151.229100 E
S 371 S 30.810550 6.298828 14.453130 31.445310 33.032230 46.484380 3.466797 39.965820 -157.979900 E
S 372 S 30.810550 6.982422 13.476560 31.542970 32.666020 47.436520 4.418945 40.209960 -159.985200 E
S 373 S 30.761720 8.300781 12.280270 31.347660 32.324220 48.632810 5.883789 40.893550 -160.709000 E
S 374 S 30.786130 8.813477 11.962890 31.567380 32.006840 49.462890 6.835938 40.991210 -160.709000 E
S 375 S 30.981450 9.252930 11.718750 31.909180 32.153320 49.951170 7.763672 41.137700 -144.201500 E
S 376 S 30.297850 6.347656 16.870120 34.375000 35.180660 52.294920 8.544922 44.482420 -25.381220 E
S 377 S 36.767580 3.637695 26.464840 39.038090 36.206050 45.971680 4.541016 41.772460 -41.757800 E
S 378 S 37.695310 3.735352 27.148440 39.379880 35.839840 45.507810 4.589844 41.308590 -41.757800 E
S 379 S 38.208010 3.808594 27.709960 39.624020 35.522460 44.628910 4.321289 40.600590 -45.460160 E
S 380 S 38.793950 3.881836 28.002930 39.941410 35.229490 43.896480 4.199219 39.990230 -41.373360 E
S 381 S 40.405270 3.955078 28.930660 40.600590 34.838870 42.919920 3.979492 39.208980 -49.186280 E
S 382 S 41.015630 3.979492 29.760740 40.844730 34.570310 42.285160 4.028320 38.549800 -49.186280 E
S 383 S 41.625980 4.028320 30.224610 41.064450 34.326170 41.748050 3.808594 38.110350 -47.414490 E
S 384 S 42.456050 3.906250 30.957030 41.381840 34.082030 41.162110 3.881836 37.524410 -47.414490 E
S 385 S 43.066410 3.833008 31.542970 41.699220 34.057620 41.015630 3.833008 37.280270 -55.617660 E
S 386 S 44.384770 3.857422 32.861330 42.187500 33.789060 40.185550 3.564453 36.767580 -55.365090 E
S 387 S 44.311520 3.710938 32.910160 42.260740 33.618160 39.721680 3.393555 36.425780 -49.664920 E
S 388 S 44.506840 3.637695 33.447270 42.260740 33.593750 39.282230 3.271484 36.230470 -49.664920 E
S 389 S 44.995120 3.735352 33.813480 42.211910 33.642580 38.842770 3.198242 36.010740 -44.772750 E
S 390 S 45.361330 3.369141 34.326170 42.456050 33.325200 38.867190 3.149414 36.035160 -44.772750 E
S 391 S 45.776370 3.247070 34.985350 42.480470 33.471680 38.305660 2.954102 35.766600 -41.658420 E
S 392 S 45.971680 3.247070 35.375980 42.602540 33.398440 38.085940 2.807617 35.644530 -35.798380 E
S 393 S 46.337890 2.954102 36.010740 42.651370 33.544920 37.792970 2.807617 35.791020 -36.035120 E
S 394 S 46.313480 2.905273 36.401370 42.724610 33.642580 37.744140 2.636719 35.742190 -36.035120 E
S 395 S 46.484380 2.685547 36.694340 42.846680 33.569340 37.744140 2.539063 35.815430 -32.206970 E
S 396 S 46.435550 2.539063 37.573240 42.993160 33.911130 37.451170 2.392578 35.937500 -28.547440 E
S 397 S 46.704100 2.368164 38.012700 43.090820 34.033200 37.304690 2.465820 35.937500 -29.627690 E
S 398 S 46.875000 2.343750 38.476560 43.164060 34.130860 37.133790 2.294922 36.157230 -29.627690 E
S 399 S 46.850590 2.270508 38.964840 43.286130 34.350590 37.182620 2.294922 36.206050 -32.829860 E
S 400 S 47.387700 2.148438 40.063480 43.554690 34.667970 37.280270 2.099609 36.474610 -38.033990 E
S 401 S 47.192380 2.050781 40.136720 43.505860 34.863280 37.109380 2.026367 36.621090 -41.873370 E
S 402 S 46.948240 2.050781 40.087890 43.408200 34.838870 37.036130 2.075195 36.767580 -39.230500 E
S 403 S 47.241210 2.197266 40.380860 43.481450 35.009770 36.987300 2.148438 36.840820 -39.230500 E
S 404 S 46.997070 2.026367 40.332030 43.383790 35.180660 37.207030 2.026367 36.938480 -46.132010 E
S 405 S 46.923830 1.928711 39.990230 43.286130 35.278320 37.231450 2.001953 37.133790 -59.355450 E
S 406 S 46.826170 1.879883 39.770510 43.164060 35.302730 37.255860 1.684570 37.182620 -59.355450 E
S 407 S 46.435550 2.197266 39.208980 42.871090 35.400390 37.207030 1.953125 37.133790 -70.493960 E
S 408 S 46.484380 2.075195 38.891600 42.724610 35.498050 37.353520 1.855469 37.231450 -86.897750 E
S 409 S 46.142580 2.172852 38.476560 42.675780 35.522460 37.744140 1.879883 37.402340 -86.897750 E
S 410 S 46.044920 2.148438 37.622070 42.504880 35.522460 38.134770 1.733398 37.548830 -95.452640 E
S 411 S 45.361330 2.343750 36.083980 42.138670 35.668950 38.574220 1.733398 37.866210 -102.153000 E
S 412 S 44.433590 2.709961 34.082030 41.650390 35.864260 39.428710 1.879883 38.208010 -100.221300 E
S 413 S 43.945310 2.758789 32.714840 41.381840 35.937500 40.063480 1.806641 38.647460 -108.225600 E
S 414 S 43.579100 3.149414 31.616210 40.991210 36.157230 41.113280 1.879883 39.160160 -108.225600 E
S 415 S 43.164060 3.710938 30.371090 40.649410 36.401370 41.870120 1.928711 39.624020 -116.625100 E
S 416 S 42.260740 4.248047 28.637700 40.136720 36.474610 42.871090 2.001953 40.014650 -116.625100 E
S 417 S 43.139650 14.355470 18.310550 38.647460 32.421880 47.021480 6.835938 41.479490 -121.916200 E
S 418 S 49.560550 13.330080 25.488280 41.894530 30.810550 41.333010 5.346680 37.915040 -108.198500 E
S 419 S 50.122070 12.646480 26.513670 42.114260 30.883790 40.991210 5.029297 37.866210 -108.198500 E
S 420 S 50.146480 11.767580 27.441410 42.358400 31.005860 40.600590 4.785156 37.817380 -91.687550 E
S 421 S 50.146480 11.108400 28.466800 42.504880 31.225590 40.307620 4.296875 37.963870 -91.687550 E
S 422 S 50.219730 10.009770 30.078130 43.017580 31.738280 40.161130 3.808594 38.281250 -75.574610 E
S 423 S 50.366210 9.350586 31.396480 43.481450 32.128910 40.234380 3.564453 38.500980 -69.161360 E
S 424 S 50.170900 8.471680 32.080080 43.579100 32.397460 40.087890 3.320313 38.793950 -62.503570 E
S 425 S 50.000000 8.032227 32.739260 43.774410 32.885740 39.868160 2.807617 38.989260 -62.503570 E
S 426 S 49.804690 7.275391 33.593750 43.872070 33.325200 40.185550 2.758789 39.379880 -56.562730 E
S 427 S 50.024410 6.323242 35.009770 44.238280 33.813480 40.063480 2.734375 39.648440 -54.588290 E
S 428 S 49.511720 5.981445 35.009770 44.140630 33.789060 39.599610 2.465820 39.746090 -54.588290 E
S 429 S 49.072270 5.712891 35.278320 44.067380 34.179690 39.184570 2.001953 39.843750 -38.039880 E
S 430 S 49.340820 5.273438 36.425780 44.140630 34.277340 39.257810 1.953125 40.039060 -19.329300 E
S 431 S 49.584960 5.151367 37.084960 44.653320 34.521480 39.550780 2.001953 40.136720 -19.329300 E
S 432 S 38.403320 1.586914 39.379880 38.964840 33.618160 26.782230 3.540039 38.159180 210.000000 E
S 433 S 37.597660 1.733398 39.086910 38.427730 33.422850 25.268550 4.492188 37.622070 210.000000 E
S 434 S 36.840820 1.831055 39.379880 37.866210 32.983400 23.730470 6.298828 37.402340 210.000000 E
S 435 S 35.742190 1.879883 39.086910 36.767580 32.568360 21.240230 8.325195 36.254880 210.000000 E
S 436 S 34.594730 1.904297 38.793950 35.693360 31.835940 18.823240 10.400390 34.887700 210.000000 E
S 437 S 32.739260 2.075195 38.183590 33.789060 30.468750 14.477540 15.332030 32.714840 210.000000 E
S 438 S 30.786130 2.124023 37.475590 31.933590 29.077150 11.035160 19.067380 30.273440 210.000000 E
S 439 S 29.028320 2.490234 36.547850 29.858400 27.465820 7.617188 23.095700 27.539060 210.000000 E
S 440 S 27.539060 2.734375 35.766600 28.076170 25.732420 5.590820 26.708980 25.219730 210.000000 E
S 441 S 24.340820 3.466797 33.496090 24.047850 21.899410 3.881836 33.496090 19.848630 210.000000 E
S 442 S 22.558590 3.979492 32.617190 21.606450 19.433590 5.297852 36.938480 16.894530 210.000000 E
S 443 S 20.019530 4.614258 30.224610 18.041990 15.942380 8.422852 40.112300 13.354490 210.000000 E
S 444 S 18.334960 4.907227 28.735350 15.771480 13.745120 10.083010 40.869140 11.547850 210.000000 E
S 445 S 16.748050 5.102539 26.733400 13.720700 11.645510 11.425780 41.040040 10.107420 210.000000 E
S 446 S 15.234380 5.004883 24.829100 11.621090 9.765625 12.207030 40.429690 8.862305 210.000000 E
S 447 S 13.842770 5.224609 22.900390 9.765625 8.105469 12.402340 38.671880 7.763672 210.000000 E
S 448 S 10.278320 5.078125 18.041990 6.152344 5.078125 11.352540 33.520510 5.712891 210.000000 E
S 449 S 8.911133 4.858398 15.991210 5.029297 4.370117 10.375980 30.541990 4.931641 210.000000 E
S 450 S 7.543945 4.418945 13.891600 3.857422 3.491211 8.911133 27.270510 4.272461 210.000000 E
S 451 S 6.420898 3.881836 12.011720 3.002930 2.661133 7.983398 24.414060 3.588867 210.000000 E
S 452 S 5.615234 3.637695 9.936523 2.465820 2.368164 6.835938 21.582030 3.051758 210.000000 E
S 453 S 3.881836 2.758789 7.348633 1.733398 1.586914 5.175781 17.089840 2.197266 210.000000 E
S 454 S 3.125000 2.392578 5.859375 1.367188 1.464844 4.541016 14.746090 1.977539 210.000000 E
S 455 S 2.734375 2.075195 4.931641 1.318359 1.293945 3.735352 12.573240 1.611328 210.000000 E
S 456 S 2.392578 1.782227 3.906250 1.171875 1.098633 3.173828 10.839840 1.416016 210.000000 E
S 457 S 2.050781 1.440430 3.271484 1.049805 1.049805 2.758789 9.130859 1.391602 210.000000 E
S 458 S 1.684570 1.220703 2.490234 0.708008 0.756836 2.270508 7.519531 1.171875 210.000000 E
S 459 S 1.098633 0.659180 0.805664 0.708008 0.927734 0.878906 0.878906 1.049805 210.000000 E
S 460 S 1.245117 0.439453 1.147461 0.903320 0.781250 0.805664 0.756836 1.245117 210.000000 E
S 461 S 1.171875 0.488281 1.098633 0.878906 0.854492 0.610352 0.854492 1.171875 210.000000 E
S 462 S 1.196289 0.292969 0.927734 1.000977 0.781250 0.854492 0.781250 1.074219 210.000000 E
S 463 S 1.196289 0.463867 1.171875 0.732422 0.878906 0.708008 0.854492 1.025391 210.000000 E
S 464 S 1.220703 0.585938 1.147461 0.854492 0.830078 0.732422 0.952148 1.049805 210.000000 E
S 465 S 1.220703 0.463867 1.098633 0.903320 0.732422 0.732422 0.756836 1.220703 210.000000 E
S 466 S 1.123047 0.439453 1.123047 0.708008 0.927734 0.708008 0.830078 1.196289 210.000000 E
S 467 S 1.293945 0.439453 1.098633 0.878906 0.805664 0.805664 0.781250 1.147461 210.000000 E
S 468 S 1.245117 0.463867 1.049805 0.878906 0.830078 0.781250 0.927734 1.342773 210.000000 E
S 469 S 1.269531 0.366211 1.074219 0.854492 0.732422 0.659180 0.903320 1.196289 210.000000 E
S 470 S 1.293945 0.463867 1.000977 0.805664 0.903320 0.781250 1.000977 1.098633 210.000000 E
S 471 S 1.147461 0.610352 1.074219 0.927734 0.830078 0.805664 0.756836 1.245117 210.000000 E
S 472 S 1.342773 0.537109 1.000977 0.976563 0.830078 0.756836 0.830078 1.245117 210.000000 E
S 473 S 1.123047 0.512695 1.025391 0.976563 0.952148 0.903320 0.927734 1.269531 210.000000 E
S 474 S 1.318359 0.488281 1.025391 0.854492 0.854492 0.805664 0.854492 1.269531 210.000000 E
S 475 S 1.196289 0.585938 1.123047 0.781250 0.830078 0.805664 0.878906 1.269531 210.000000 E
S 476 S 1.269531 0.561523 1.025391 0.781250 0.830078 0.805664 0.830078 1.367188 210.000000 E
S 477 S 1.367188 0.341797 0.976563 0.781250 0.781250 0.878906 0.781250 1.123047 210.000000 E
S 478 S 1.025391 0.537109 0.952148 0.854492 0.830078 0.708008 0.756836 1.245117 210.000000 E
S 479 S 1.123047 0.561523 0.903320 0.756836 0.805664 0.830078 0.805664 1.220703 210.000000 E
S 480 S 1.269531 0.488281 1.049805 0.878906 0.854492 0.732422 0.878906 1.220703 210.000000 E
S 481 S 1.098633 0.512695 0.854492 0.903320 0.805664 0.903320 0.781250 1.293945 210.000000 E
S 482 S 1.293945 0.512695 0.927734 0.903320 0.781250 0.659180 0.854492 1.245117 210.000000 E
S 483 S 1.171875 0.537109 0.952148 0.756836 0.952148 0.781250 0.805664 1.098633 210.000000 E
S 484 S 1.074219 0.585938 1.074219 0.830078 0.830078 0.683594 0.732422 1.123047 210.000000 E
S 485 S 1.025391 0.512695 0.976563 0.805664 0.756836 0.781250 0.830078 1.049805 210.000000 E
S 486 S 1.000977 0.512695 0.976563 0.854492 0.903320 0.830078 0.756836 1.074219 210.000000 E
S 487 S 1.049805 0.732422 1.074219 1.025391 0.878906 0.830078 0.927734 1.025391 210.000000 E
S 488 S 1.171875 0.683594 0.952148 0.903320 0.952148 0.732422 0.659180 0.903320 210.000000 E
S 489 S 1.171875 0.512695 1.025391 0.878906 0.854492 0.732422 0.805664 1.025391 210.000000 E
S 490 S 1.171875 0.634766 1.000977 0.878906 0.854492 0.756836 0.903320 1.025391 210.000000 E
S 491 S 1.098633 0.512695 0.878906 0.976563 0.756836 0.756836 0.878906 1.074219 210.000000 E
S 492 S 1.245117 0.488281 1.000977 0.952148 0.854492 0.854492 0.878906 1.147461 210.000000 E
S 493 S 1.171875 0.439453 0.976563 0.952148 0.610352 0.781250 0.781250 1.196289 210.000000 E
S 494 S 1.220703 0.585938 0.952148 0.927734 0.854492 1.000977 0.830078 1.440430 210.000000 E
S 495 S 1.367188 0.537109 1.025391 1.000977 0.756836 1.171875 0.756836 1.806641 210.000000 E
S 496 S 1.049805 0.610352 1.000977 0.659180 0.878906 1.220703 0.878906 2.197266 210.000000 E
S 497 S 1.049805 0.585938 0.976563 0.854492 0.854492 1.928711 0.830078 3.662109 210.000000 E
S 498 S 1.269531 0.512695 0.976563 0.830078 0.854492 2.392578 0.903320 4.614258 210.000000 E
S 499 S 0.976563 0.512695 1.000977 0.805664 1.074219 3.002930 0.854492 5.786133 210.000000 E
S 500 S 1.269531 0.463867 0.781250 0.830078 1.098633 3.857422 0.976563 7.299805 210.000000 E
S 501 S 1.098633 0.488281 0.830078 0.756836 1.123047 4.711914 0.976563 8.813477 210.000000 E
S 502 S 1.147461 0.463867 0.732422 0.708008 1.245117 5.981445 1.000977 10.864260 210.000000 E
S 503 S 1.757813 0.756836 1.708984 3.662109 13.598630 39.990230 9.667969 53.881840 210.000000 E
S 504 S 43.652340 1.855469 38.598630 41.503910 35.083010 37.231450 1.440430 37.329100 -45.538730 E
S 505 S 43.237300 2.099609 37.792970 41.455080 35.083010 37.304690 1.562500 37.377930 -51.165970 E
S 506 S 42.895510 2.099609 36.596680 41.162110 34.863280 37.402340 1.538086 37.573240 -51.165970 E
S 507 S 42.456050 2.099609 35.839840 40.893550 34.814450 37.524410 1.586914 37.475590 -55.457410 E
S 508 S 42.260740 2.221680 35.131840 40.942380 34.985350 38.232420 1.538086 37.670900 -65.318840 E
S 509 S 42.626950 2.270508 34.790040 41.088870 35.229490 38.989260 1.635742 37.792970 -88.694410 E
S 510 S 41.894530 2.465820 33.569340 40.771480 35.034180 39.111330 1.757813 37.841800 -88.694410 E
S 511 S 41.918950 2.929688 32.836910 40.600590 35.034180 39.331050 1.757813 37.988280 -92.119810 E
S 512 S 41.796880 3.247070 31.909180 40.429690 34.838870 39.770510 1.757813 38.159180 -92.119810 E
S 513 S 41.333010 3.637695 30.126950 40.209960 34.765630 40.356450 1.928711 38.403320 -95.843830 E
S 514 S 40.673830 4.223633 28.930660 39.794920 34.667970 40.673830 2.075195 38.403320 -95.844330 E
S 515 S 40.454100 4.516602 27.978520 39.453130 34.375000 41.088870 2.148438 38.647460 -87.177220 E
S 516 S 40.063480 5.004883 27.148440 38.964840 34.057620 41.284180 2.270508 38.940430 -76.554920 E
S 517 S 39.526370 5.346680 26.245120 38.671880 33.959960 41.284180 2.246094 39.038090 -76.554920 E
S 518 S 39.550780 5.883789 26.049800 38.940430 34.082030 42.138670 2.539063 39.404300 -85.820330 E
S 519 S 39.648440 5.737305 26.025390 39.038090 33.715820 42.309570 2.587891 39.819340 -90.179400 E
S 520 S 39.428710 5.786133 25.854490 38.696290 33.837890 42.065430 2.563477 39.770510 -69.045030 E
S 521 S 38.891600 5.859375 25.537110 38.403320 33.666990 41.723630 2.612305 39.819340 -69.045030 E
S 522 S 38.745120 5.761719 25.976560 38.525390 33.520510 41.748050 2.563477 39.672850 -58.955340 E
S 523 S 39.160160 4.882813 27.270510 38.964840 33.618160 41.357420 2.465820 39.648440 -60.418030 E
S 524 S 38.940430 4.833984 27.368160 38.964840 33.422850 40.893550 2.392578 39.599610 -60.418030 E
S 525 S 38.867190 4.833984 27.563480 38.720700 33.496090 40.478520 2.246094 39.257810 -53.381170 E
S 526 S 38.818360 4.321289 27.929690 38.964840 33.398440 39.965820 1.928711 39.233400 -53.381170 E
S 527 S 38.842770 4.296875 28.662110 38.916020 33.447270 40.063480 1.977539 39.208980 -40.964470 E
S 528 S 38.818360 3.955078 29.077150 38.891600 33.496090 39.672850 1.977539 39.160160 -34.304280 E
S 529 S 38.745120 3.564453 29.833980 38.793950 33.325200 39.306640 1.953125 38.745120 -25.924550 E
S 530 S 38.159180 3.393555 29.638670 38.574220 33.105470 38.696290 1.757813 38.427730 -25.924550 E
S 531 S 38.256840 3.222656 29.980470 38.354490 33.203130 38.110350 1.684570 38.208010 -23.666720 E
S 532 S 38.183590 2.880859 30.297850 38.525390 33.178710 37.890630 1.562500 38.061520 -23.666720 E
S 533 S 38.378910 2.856445 30.908200 38.574220 33.227540 37.841800 1.367188 38.085940 -25.046710 E
S 534 S 41.015630 1.977539 40.258790 40.942380 40.429690 51.171880 3.491211 54.296880 51.079060 E
S 535 S 41.479490 1.855469 40.722660 41.577150 40.917970 52.709960 3.637695 55.883790 51.239190 E
S 536 S 42.309570 1.953125 41.113280 42.260740 41.601560 54.370120 4.272461 58.056640 51.239190 E
S 537 S 42.895510 1.879883 41.357420 42.749020 42.260740 56.250000 4.858398 59.960940 49.418630 E
S 538 S 43.847660 1.733398 41.699220 43.481450 42.773440 58.422850 5.737305 62.280270 49.418630 E
S 539 S 45.166020 1.855469 42.041020 44.580080 44.213870 62.011720 7.275391 66.381840 37.547040 E
S 540 S 46.557620 1.684570 42.724610 45.727540 45.190430 64.843750 8.325195 69.458010 31.958700 E
S 541 S 47.485350 1.806641 43.188480 46.557620 46.215820 67.749020 9.594727 72.827150 21.654060 E
S 542 S 48.608400 1.855469 43.798830 47.631840 47.314450 70.898440 11.083980 76.049800 21.654060 E
S 543 S 50.317380 2.001953 44.799800 48.901370 48.828130 74.365230 12.548830 79.760740 16.427240 E
S 544 S 67.016600 4.565430 53.320310 65.161130 66.503910 99.975590 25.390630 99.975590 4.430401 E
S 545 S 85.742190 6.445313 71.191410 82.666020 75.097660 97.338870 12.817380 99.975590 23.472580 E
S 546 S 87.280270 6.054688 73.486330 84.008790 74.877930 93.603520 10.766600 98.828130 23.472580 E
S 547 S 88.940430 5.712891 76.367190 84.936520 74.682620 90.356450 8.862305 97.119140 21.841190 E
S 548 S 90.454100 5.346680 79.345700 85.888670 74.218750 86.596680 7.031250 94.726560 25.908200 E
S 549 S 92.529300 4.785156 83.911130 86.889650 74.194340 81.030270 4.956055 92.431640 24.709070 E
S 550 S 93.627930 4.516602 86.743160 87.524410 74.096680 77.880860 4.321289 91.137700 24.709070 E
S 551 S 94.824220 4.223633 89.306640 87.622070 73.999020 75.268550 4.394531 90.136720 210.000000 E
S 552 S 94.873050 4.296875 91.235350 87.377930 73.828130 72.192380 5.224609 88.916020 210.000000 E
S 553 S 95.458980 4.370117 92.700200 86.791990 73.681640 70.629880 6.469727 88.891600 210.000000 E
S 554 S 95.263670 4.565430 93.701170 85.961910 73.559570 68.237300 8.105469 88.403320 210.000000 E
S 555 S 94.580080 5.175781 94.799800 84.423830 73.339840 65.185550 11.547850 88.037110 210.000000 E
S 556 S 94.189450 5.346680 94.726560 83.325200 73.315430 64.086910 13.500980 88.476560 210.000000 E
S 557 S 93.408200 5.859375 94.409180 81.884770 72.949220 63.281250 15.258790 89.184570 210.000000 E
S 558 S 92.504880 6.250000 93.554690 80.688480 72.412110 62.084960 16.699220 88.793950 210.000000 E
S 559 S 92.578130 6.176758 93.334960 79.541020 71.801760 61.816410 18.017580 89.428710 210.000000 E
S 560 S 92.333980 6.274414 90.698240 76.367190 69.677730 59.667970 19.970700 88.793950 210.000000 E
S 561 S 92.602540 6.176758 88.940430 74.804690 68.164060 58.520510 20.385740 87.890630 210.000000 E
S 562 S 92.504880 5.493164 86.914060 73.168950 66.430660 57.470700 20.458980 86.987300 210.000000 E
S 563 S 92.895510 5.249023 85.009770 71.435550 65.014650 56.542970 20.312500 86.230470 210.000000 E
S 564 S 93.896480 4.711914 82.055660 68.627930 62.573240 55.566410 20.019530 85.327150 210.000000 E
S 565 S 95.166020 4.565430 78.906250 65.771480 60.278320 54.589840 19.287110 84.057620 -131.843500 E
S 566 S 94.848630 4.711914 76.464840 63.818360 58.862300 53.955080 18.798830 83.203130 -22.889140 E
S 567 S 94.458010 4.638672 74.047850 61.694340 57.421880 53.320310 18.090820 82.080080 -22.889140 E
S 568 S 93.896480 4.541016 71.313480 59.741210 55.834960 52.832030 17.407230 80.883790 -15.084140 E
S 569 S 92.553710 4.833984 68.603520 57.739260 54.614260 52.001950 16.625980 79.125980 0.847450 E
S 570 S 89.062500 4.931641 64.013670 54.492190 53.173830 51.513670 15.576170 77.807620 12.174320 E
S 571 S 87.280270 4.907227 61.376950 52.783200 52.246090 51.318360 14.624020 76.708980 12.174320 E
S 572 S 84.399410 4.907227 58.398440 50.781250 51.440430 51.367190 13.403320 75.903320 31.234830 E
S 573 S 80.493160 4.663086 55.810550 49.169920 51.074220 51.806640 13.037110 75.878910 31.234830 E
S 574 S 77.490230 4.418945 53.686520 47.583010 50.195310 51.098630 12.597660 74.511720 55.181420 E
S 575 S 71.508790 4.272461 49.487300 45.166020 49.121090 50.878910 11.621090 73.291020 50.526690 E
S 576 S 68.017580 4.028320 47.583010 43.725590 48.437500 51.123050 11.279300 73.315430 49.747530 E
S 577 S 64.941410 3.735352 45.385740 42.309570 47.583010 50.585940 11.157230 72.607420 49.747530 E
S 578 S 61.816410 3.588867 43.237300 40.576170 46.997070 50.488280 10.668950 72.216800 59.537480 E
S 579 S 58.471680 3.198242 41.064450 39.038090 46.362300 50.878910 10.327150 73.046880 59.537480 E
S 580 S 53.784180 2.905273 37.963870 36.669920 44.848630 50.073240 10.034180 72.241210 69.685480 E
S 581 S 51.245120 2.661133 36.523440 35.400390 44.116210 49.536130 10.156250 72.021480 73.961660 E
S 582 S 48.608400 2.490234 35.156250 34.179690 43.652340 49.462890 10.107420 72.338870 83.688740 E
S 583 S 46.069340 2.246094 33.447270 32.934570 42.895510 49.389650 10.034180 72.534180 83.688740 E
S 584 S 43.603520 2.172852 31.958010 31.640630 42.382810 49.462890 9.936523 72.729490 95.401730 E
S 585 S 22.778320 1.123047 20.751950 22.998050 38.085940 50.146480 7.666016 73.144530 153.692300 E
S 586 S 19.287110 0.854492 20.703130 25.390630 40.161130 52.221680 4.321289 67.871090 123.489100 E
S 587 S 19.946290 1.049805 21.508790 26.416020 41.137700 52.563480 3.833008 67.553710 123.489100 E
S 588 S 20.410160 1.123047 22.045900 27.343750 41.162110 52.221680 3.588867 65.917970 98.571670 E
S 589 S 21.093750 1.000977 22.973630 28.295900 41.113280 51.391600 3.320313 63.940430 98.571670 E
S 590 S 22.192380 0.952148 23.828130 29.736330 41.162110 51.171880 3.051758 62.890630 69.690320 E
S 591 S 24.096680 1.074219 25.415040 31.640630 41.088870 49.609380 2.636719 59.814450 55.993110 E
S 592 S 25.170900 1.074219 26.489260 32.836910 41.308590 48.779300 2.490234 58.105470 33.800650 E
S 593 S 26.611330 1.123047 27.685550 34.106450 41.186520 48.388670 2.246094 56.835940 33.800650 E
S 594 S 27.929690 1.196289 28.662110 35.131840 40.673830 46.923830 2.075195 54.931640 31.150300 E
S 595 S 29.223630 1.293945 29.467770 36.010740 40.014650 45.361330 2.050781 52.905270 31.150300 E
S 596 S 32.177730 1.342773 32.031250 37.695310 38.354490 42.089840 1.855469 49.267580 21.408420 E
S 597 S 33.325200 1.367188 32.641600 38.208010 37.500000 40.234380 1.782227 47.729490 21.408420 E
S 598 S 34.667970 1.391602 33.642580 38.964840 36.914060 38.720700 1.806641 46.508790 35.984380 E
S 599 S 35.766600 1.440430 34.960940 39.794920 36.523440 37.475590 1.782227 45.312500 35.984380 E
S 600 S 37.182620 1.538086 36.181640 40.161130 35.839840 36.572270 1.660156 44.580080 59.675080 E
S 601 S 38.696290 1.733398 38.500980 40.698240 34.814450 34.423830 1.977539 42.993160 86.483130 E
S 602 S 39.404300 1.660156 39.184570 40.649410 34.155270 32.226560 2.075195 41.748050 100.553300 E
S 603 S 40.087890 1.635742 40.307620 40.478520 33.374020 30.664060 2.148438 41.210940 100.553300 E
S 604 S 40.649410 1.757813 41.577150 40.380860 32.812500 28.930660 2.612305 40.405270 112.191100 E
S 605 S 41.284180 1.733398 43.774410 39.965820 31.713870 25.756840 3.784180 39.306640 138.707300 E
S 606 S 41.772460 2.172852 46.484380 39.355470 30.981450 22.753910 5.541992 38.549800 154.437100 E
S 607 S 42.016600 2.514648 48.144530 38.916020 30.517580 20.947270 6.835938 37.963870 164.893200 E
S 608 S 42.456050 3.344727 49.902340 38.403320 30.053710 19.580080 8.276367 38.208010 164.893200 E
S 609 S 42.504880 4.296875 51.416020 37.622070 29.760740 17.724610 9.936523 37.548830 168.437500 E
S 610 S 42.626950 5.468750 52.905270 36.791990 29.541020 16.284180 11.743160 37.548830 168.437500 E
S 611 S 42.016600 7.958984 55.102540 35.327150 29.125980 14.575200 14.086910 37.646480 168.769500 E
S 612 S 41.552730 9.472656 56.030270 34.277340 28.955080 13.330080 15.795900 37.475590 162.485800 E
S 613 S 41.088870 10.766600 56.469730 33.666990 28.857420 12.841800 17.431640 38.085940 168.413900 E
S 614 S 40.429690 12.573240 57.543950 32.763670 29.394530 12.353520 18.945310 38.549800 168.413900 E
S 615 S 39.721680 14.062500 57.592770 32.299800 29.907230 12.280270 19.897460 39.624020 172.690500 E
S 616 S 38.940430 15.258790 58.154300 31.835940 30.737300 13.012700 21.118160 41.137700 172.690500 E
S 617 S 37.573240 16.284180 57.495120 31.079100 31.347660 13.330080 21.972660 42.114260 176.678500 E
S 618 S 36.572270 16.284180 56.298830 30.590820 31.616210 13.720700 22.631840 42.871090 184.955300 E
S 619 S 35.278320 16.357420 55.175780 29.956050 31.982420 14.257810 23.217770 43.969730 184.955300 E
S 620 S 34.106450 16.259770 53.710940 29.492190 32.666020 15.039060 23.730470 44.873050 187.489800 E
S 621 S 33.251950 16.137700 52.709960 28.979490 33.349610 16.015630 24.365230 46.484380 187.489800 E
S 622 S 31.372070 15.380860 50.390630 28.344730 34.399410 18.041990 24.072270 48.828130 189.457700 E
S 623 S 30.346680 14.941410 48.925780 28.100590 34.985350 19.238280 23.974610 50.122070 191.978300 E
S 624 S 29.809570 14.062500 47.680660 27.880860 35.180660 20.385740 23.681640 50.805660 192.940700 E
S 625 S 29.223630 13.281250 46.118160 27.612300 35.717770 21.337890 23.046880 51.684570 192.940700 E
S 626 S 28.247070 12.597660 44.970700 27.539060 36.279300 22.900390 22.534180 52.978520 186.870300 E
S 627 S 28.759770 6.274414 40.380860 31.787110 40.820310 34.765630 12.304690 56.738280 149.136900 E
S 628 S 35.668950 3.759766 43.041990 38.403320 41.601560 38.427730 5.029297 51.196290 58.382030 E
S 629 S 36.303710 3.491211 43.188480 39.062500 41.430660 38.598630 4.589844 50.610350 58.382030 E
S 630 S 36.767580 3.222656 43.334960 39.282230 41.088870 38.232420 4.272461 49.902340 48.459910 E
S 631 S 37.207030 3.051758 43.041990 39.575200 40.502930 37.988280 3.613281 49.145510 48.459910 E
S 632 S 37.890630 2.783203 42.871090 39.941410 39.965820 37.451170 3.491211 48.095700 42.431300 E
S 633 S 38.281250 2.783203 42.919920 39.990230 39.965820 37.231450 3.173828 47.631840 30.905300 E
S 634 S 39.184570 2.636719 43.286130 40.820310 39.892580 37.744140 2.832031 47.509770 29.897950 E
S 635 S 39.453130 2.490234 43.505860 41.235350 39.672850 37.890630 2.539063 47.021480 22.953420 E
S 636 S 39.990230 2.319336 43.334960 41.333010 39.282230 37.377930 2.563477 46.533200 22.953420 E
S 637 S 40.136720 2.343750 42.993160 41.308590 38.598630 36.596680 2.416992 45.629880 18.768390 E
S 638 S 40.600590 2.319336 43.041990 41.650390 38.452150 36.499020 2.270508 45.581050 18.339300 E
S 639 S 40.844730 2.197266 43.212890 41.748050 38.281250 36.230470 2.270508 44.946290 29.682360 E
S 640 S 40.893550 2.124023 43.139650 41.894530 38.110350 36.010740 2.148438 44.750980 29.682360 E
S 641 S 41.210940 2.148438 43.334960 41.894530 37.939450 35.644530 2.221680 44.531250 27.667270 E
S 642 S 41.455080 2.221680 43.261720 41.918950 37.695310 35.229490 2.172852 44.091800 34.462230 E
S 643 S 41.259770 2.124023 43.310550 42.163090 37.573240 34.985350 1.953125 44.067380 37.424670 E
S 644 S 41.479490 2.246094 43.432620 41.943360 37.426760 34.472660 2.294922 43.725590 37.424670 E
S 645 S 41.284180 2.050781 43.286130 41.845700 37.133790 33.862300 2.319336 43.310550 47.982150 E
S 646 S 41.137700 2.270508 43.164060 41.674800 36.816410 33.642580 2.465820 43.286130 47.982150 E
S 647 S 40.649410 2.075195 43.164060 41.137700 35.888670 31.762700 2.807617 42.407230 72.997800 E
S 648 S 40.673830 2.416992 43.408200 40.991210 35.961910 31.152340 3.125000 42.578130 72.997800 E
S 649 S 40.576170 2.392578 43.896480 40.966800 35.937500 30.908200 3.466797 42.504880 92.462700 E
S 650 S 40.209960 2.441406 44.165040 40.771480 35.693360 29.907230 3.906250 42.138670 104.808200 E
S 651 S 39.965820 2.612305 44.091800 40.307620 35.278320 28.833010 4.492188 41.992190 104.808200 E
S 652 S 39.257810 2.587891 44.140630 39.746090 35.034180 27.563480 5.273438 41.528320 111.718600 E
S 653 S 38.427730 2.856445 44.091800 38.940430 34.082030 24.804690 7.080078 41.064450 123.393900 E
S 654 S 38.110350 2.807617 44.775390 38.452150 33.691410 23.461910 8.569336 40.478520 123.393900 E
S 655 S 37.915040 2.978516 45.092770 38.085940 33.300780 21.533200 9.790039 39.868160 210.000000 E
S 656 S 37.548830 3.369141 45.825200 37.377930 32.568360 19.995120 11.499020 39.672850 210.000000 E
S 657 S 37.182620 3.930664 46.484380 36.767580 31.933590 18.212890 13.378910 39.208980 210.000000 E
S 658 S 36.450200 4.614258 47.338870 35.205080 30.908200 15.161130 17.138670 38.745120 210.000000 E
S 659 S 35.620120 5.493164 47.656250 33.911130 30.053710 13.110350 19.409180 37.988280 210.000000 E
S 660 S 34.912110 6.152344 47.949220 32.592770 29.150390 11.035160 21.777340 37.402340 210.000000 E
S 661 S 34.033200 7.104492 47.998050 31.103520 28.393550 9.960938 24.169920 37.500000 210.000000 E
S 662 S 33.105470 8.154297 47.778320 29.467770 27.636720 9.033203 26.196290 37.084960 210.000000 E
S 663 S 31.103520 9.765625 47.167970 27.001950 26.855470 7.836914 29.931640 37.353520 210.000000 E
S 664 S 29.492190 10.717770 46.411130 25.439450 26.684570 7.568359 32.104490 38.085940 210.000000 E
S 665 S 28.125000 11.450200 45.117190 23.852540 26.293950 7.470703 33.862300 38.549800 210.000000 E
S 666 S 26.538090 11.865230 43.896480 22.436520 26.000980 7.421875 35.449220 39.257810 210.000000 E
S 667 S 24.633790 12.255860 42.041020 20.947270 25.781250 7.519531 36.621090 40.209960 210.000000 E
S 668 S 11.450200 6.884766 22.460940 12.084960 24.780270 14.990230 32.421880 51.049800 210.000000 E
S 669 S 10.449220 4.077148 19.262700 13.964840 29.956050 29.492190 21.313480 63.671880 210.000000 E
S 670 S 1.928711 1.635742 3.466797 0.927734 1.025391 0.634766 1.586914 1.416016 107.870500 E
S 671 S 1.879883 1.660156 3.417969 0.952148 1.000977 0.756836 1.757813 1.489258 107.870500 E
S 672 S 2.050781 1.562500 3.564453 1.123047 1.025391 0.708008 1.782227 1.586914 107.870500 E
S 673 S 2.221680 1.538086 3.393555 1.123047 1.245117 0.903320 1.635742 1.586914 107.870500 E
S 674 S 2.368164 1.367188 2.978516 1.049805 1.245117 0.976563 1.733398 1.464844 -8.142854 E
S 675 S 2.172852 1.220703 2.709961 0.927734 1.245117 0.927734 1.586914 1.367188 -8.142854 E
S 676 S 2.221680 1.049805 2.514648 1.123047 0.903320 0.903320 1.489258 1.318359 -175.355900 E
S 677 S 2.221680 1.000977 2.148438 1.025391 1.098633 0.854492 1.464844 1.098633 -175.355900 E
S 678 S 2.001953 0.976563 2.099609 1.025391 1.196289 1.000977 1.318359 1.367188 -135.096800 E
S 679 S 1.928711 0.854492 1.684570 0.976563 1.123047 0.952148 1.220703 1.171875 -146.332600 E
S 680 S 1.879883 0.781250 1.513672 0.976563 1.098633 0.878906 1.318359 1.049805 -86.401940 E
S 681 S 1.660156 0.781250 1.538086 0.927734 1.049805 1.025391 1.269531 1.074219 -86.401940 E
S 682 S 1.489258 0.830078 1.098633 0.878906 1.147461 0.976563 1.269531 1.098633 -57.859020 E
S 683 S 1.611328 0.976563 1.147461 1.293945 1.269531 1.098633 1.245117 1.123047 -57.859020 E
S 684 S 1.367188 0.585938 0.854492 0.976563 1.049805 1.025391 1.171875 1.074219 6.135952 E
S 685 S 1.245117 0.756836 0.952148 0.781250 0.878906 1.049805 1.049805 1.025391 6.135952 E
S 686 S 0.781250 0.927734 1.147461 0.561523 0.781250 0.781250 0.976563 0.708008 -5.014925 E
