S 0 S 35.742190 1.416016 31.372070 32.958980 34.619140 36.572270 0.659180 35.253910 1.361862 2000.000000 E
S 1 S 21.118160 0.610352 21.289060 22.802730 34.814450 39.428710 0.659180 50.683590 188.773000 2000.000000 E
S 2 S 12.231450 0.610352 13.012700 14.086910 28.344730 33.032230 3.540039 57.153320 252.815600 2000.000000 E
S 3 S 11.132810 0.317383 12.084960 13.281250 27.246090 31.494140 3.881836 57.080080 260.000000 2000.000000 E
S 4 S 10.131840 0.463867 10.766600 12.182620 26.123050 30.786130 4.199219 57.031250 260.000000 2000.000000 E
S 5 S 8.959961 0.561523 9.765625 10.839840 23.974610 27.661130 4.931641 55.444340 260.000000 2000.000000 E
S 6 S 8.032227 0.439453 8.666992 9.912109 22.705080 26.684570 5.249023 54.907230 260.000000 2000.000000 E
S 7 S 7.446289 0.317383 8.349609 9.228516 21.240230 24.340820 5.786133 53.198240 260.000000 2000.000000 E
S 8 S 6.787109 0.512695 7.397461 8.300781 19.970700 22.998050 5.859375 51.684570 260.000000 2000.000000 E
S 9 S 6.005859 0.390625 6.665039 7.421875 18.750000 21.362300 6.079102 50.122070 260.000000 2000.000000 E
S 10 S 4.663086 0.415039 5.249023 6.225586 16.406250 18.237300 6.445313 46.728520 260.000000 2000.000000 E
S 11 S 3.955078 0.463867 4.345703 5.004883 14.062500 15.405270 6.396484 41.870120 260.000000 2000.000000 E
S 12 S 3.295898 0.341797 3.881836 4.370117 12.817380 13.745120 6.372070 39.331050 260.000000 2000.000000 E
S 13 S 2.929688 0.463867 3.393555 3.784180 11.425780 11.816410 6.250000 35.766600 260.000000 2000.000000 E
S 14 S 2.563477 0.585938 2.954102 3.369141 10.351560 10.400390 5.908203 33.422850 260.000000 2000.000000 E
S 15 S 1.660156 0.463867 1.977539 2.392578 8.203125 8.325195 5.078125 28.320310 260.000000 2000.000000 E
S 16 S 1.586914 0.488281 2.001953 2.221680 7.348633 6.909180 4.980469 25.097660 244.754300 2000.000000 E
S 17 S 1.342773 0.585938 1.635742 1.855469 6.591797 6.201172 4.492188 22.900390 244.754300 2000.000000 E
S 18 S 1.220703 0.561523 1.538086 1.611328 5.908203 5.493164 4.199219 20.605470 260.000000 2000.000000 E
S 19 S 1.025391 0.366211 1.391602 1.220703 4.858398 4.199219 3.784180 18.017580 260.000000 2000.000000 E
S 20 S 0.830078 0.390625 1.293945 0.952148 3.881836 3.198242 3.344727 14.501950 260.000000 2000.000000 E
S 21 S 0.659180 0.390625 1.147461 0.903320 3.295898 2.612305 2.807617 12.475590 260.000000 2000.000000 E
S 22 S 0.805664 0.512695 1.293945 0.708008 3.027344 2.294922 2.539063 10.717770 260.000000 2000.000000 E
S 23 S 0.585938 0.634766 1.074219 0.830078 2.490234 2.026367 2.294922 9.301758 260.000000 2000.000000 E
S 24 S 0.512695 0.585938 1.171875 0.756836 2.172852 1.831055 2.026367 7.934570 260.000000 2000.000000 E
S 25 S 0.512695 0.634766 1.220703 0.537109 1.684570 1.196289 1.513672 5.639648 260.000000 2000.000000 E
S 26 S 0.561523 0.781250 1.318359 0.561523 1.440430 1.147461 1.464844 4.785156 260.000000 2000.000000 E
S 27 S 0.732422 0.732422 1.293945 0.659180 1.269531 1.000977 1.367188 3.955078 260.000000 2000.000000 E
S 28 S 0.537109 0.585938 1.220703 0.488281 1.025391 0.854492 1.000977 3.271484 260.000000 2000.000000 E
S 29 S 0.561523 0.805664 1.708984 0.415039 1.049805 0.756836 0.854492 2.246094 260.000000 2000.000000 E
S 30 S 0.439453 0.903320 1.635742 0.415039 0.903320 0.610352 0.781250 1.733398 260.000000 2000.000000 E
S 31 S 0.512695 0.634766 1.562500 0.341797 0.561523 0.512695 0.634766 1.123047 260.000000 2000.000000 E
S 32 S 0.683594 0.878906 1.757813 0.488281 0.634766 0.585938 0.634766 1.245117 260.000000 2000.000000 E
S 33 S 0.634766 0.854492 1.733398 0.463867 0.634766 0.512695 0.659180 0.781250 260.000000 2000.000000 E
S 34 S 0.585938 1.000977 2.001953 0.317383 0.488281 0.439453 0.366211 0.610352 260.000000 2000.000000 E
S 35 S 0.610352 0.830078 1.928711 0.463867 0.537109 0.488281 0.683594 0.756836 260.000000 2000.000000 E
S 36 S 0.585938 1.025391 2.294922 0.537109 0.463867 0.537109 0.610352 0.634766 260.000000 2000.000000 E
S 37 S 0.708008 0.903320 2.124023 0.219727 0.366211 0.292969 0.415039 0.561523 260.000000 2000.000000 E
S 38 S 0.610352 1.025391 2.416992 0.317383 0.488281 0.415039 0.634766 0.537109 260.000000 2000.000000 E
S 39 S 0.390625 1.049805 1.757813 0.366211 0.366211 0.512695 1.049805 0.537109 260.000000 2000.000000 E
S 40 S 0.366211 0.878906 0.927734 0.390625 0.415039 0.878906 1.049805 0.512695 260.000000 2000.000000 E
S 41 S 0.439453 1.000977 0.927734 0.488281 0.268555 0.927734 1.074219 0.512695 260.000000 2000.000000 E
S 42 S 0.390625 0.805664 1.123047 0.415039 0.415039 0.952148 1.049805 0.463867 260.000000 2000.000000 E
S 43 S 0.439453 0.976563 0.805664 0.463867 0.390625 0.976563 1.025391 0.415039 260.000000 2000.000000 E
S 44 S 0.415039 0.854492 0.830078 0.341797 0.463867 0.854492 0.976563 0.341797 260.000000 2000.000000 E
S 45 S 0.610352 0.659180 0.659180 0.463867 0.390625 0.830078 0.830078 0.488281 260.000000 2000.000000 E
S 46 S 0.439453 0.781250 0.732422 0.512695 0.463867 0.927734 0.830078 0.439453 260.000000 2000.000000 E
S 47 S 0.463867 0.732422 0.610352 0.439453 0.610352 0.952148 0.781250 0.537109 260.000000 2000.000000 E
S 48 S 0.610352 0.781250 0.683594 0.366211 0.512695 0.927734 0.927734 0.488281 260.000000 2000.000000 E
S 49 S 0.561523 0.708008 0.561523 0.439453 0.512695 0.878906 0.634766 0.610352 260.000000 2000.000000 E
S 50 S 0.634766 0.659180 0.561523 0.512695 0.488281 1.000977 0.659180 0.561523 260.000000 2000.000000 E
S 51 S 0.610352 0.708008 0.537109 0.463867 0.512695 0.903320 0.854492 0.463867 260.000000 2000.000000 E
S 52 S 0.781250 0.634766 0.537109 0.439453 0.537109 0.854492 0.683594 0.585938 260.000000 2000.000000 E
S 53 S 0.805664 0.585938 0.439453 0.415039 0.561523 0.854492 0.585938 0.488281 260.000000 2000.000000 E
S 54 S 0.927734 0.610352 0.561523 0.561523 0.463867 0.854492 0.561523 0.512695 260.000000 2000.000000 E
S 55 S 0.927734 0.634766 0.610352 0.415039 0.585938 0.830078 0.756836 0.463867 260.000000 2000.000000 E
S 56 S 1.074219 0.659180 0.634766 0.537109 0.488281 0.854492 0.683594 0.512695 260.000000 2000.000000 E
S 57 S 1.098633 0.512695 0.634766 0.390625 0.585938 0.781250 0.634766 0.634766 260.000000 2000.000000 E
S 58 S 1.220703 0.488281 0.659180 0.561523 0.463867 0.903320 0.585938 0.561523 260.000000 2000.000000 E
S 59 S 1.318359 0.463867 0.708008 0.512695 0.415039 0.781250 0.512695 0.561523 260.000000 2000.000000 E
S 60 S 1.147461 0.512695 0.805664 0.488281 0.634766 0.756836 0.585938 0.561523 260.000000 2000.000000 E
S 61 S 1.562500 0.463867 0.756836 0.585938 0.561523 0.683594 0.585938 0.561523 260.000000 2000.000000 E
S 62 S 1.513672 0.463867 0.854492 0.512695 0.585938 0.732422 0.439453 0.634766 260.000000 2000.000000 E
S 63 S 1.708984 0.488281 1.025391 0.585938 0.537109 0.732422 0.488281 0.659180 260.000000 2000.000000 E
S 64 S 1.855469 0.390625 1.074219 0.683594 0.610352 0.781250 0.537109 0.610352 260.000000 2000.000000 E
S 65 S 1.831055 0.488281 1.098633 0.561523 0.683594 0.756836 0.439453 0.830078 260.000000 2000.000000 E
S 66 S 1.904297 0.439453 1.074219 0.659180 0.683594 0.756836 0.561523 0.781250 260.000000 2000.000000 E
S 67 S 1.977539 0.488281 1.220703 0.708008 0.561523 0.708008 0.488281 0.732422 260.000000 2000.000000 E
S 68 S 2.075195 0.463867 1.391602 0.634766 0.708008 0.634766 0.463867 0.708008 260.000000 2000.000000 E
S 69 S 2.148438 0.439453 1.586914 0.659180 0.708008 0.732422 0.561523 0.805664 260.000000 2000.000000 E
S 70 S 2.172852 0.439453 1.684570 0.781250 0.683594 0.756836 0.537109 0.781250 260.000000 2000.000000 E
S 71 S 2.197266 0.244141 1.635742 0.634766 0.805664 0.659180 0.634766 0.854492 260.000000 2000.000000 E
S 72 S 2.270508 0.488281 1.708984 0.659180 0.781250 0.610352 0.537109 0.878906 260.000000 2000.000000 E
S 73 S 2.197266 0.317383 1.684570 0.708008 0.634766 0.659180 0.585938 0.830078 260.000000 2000.000000 E
S 74 S 2.001953 0.561523 1.684570 0.610352 0.805664 0.512695 0.708008 0.732422 260.000000 2000.000000 E
S 75 S 2.001953 0.463867 1.831055 0.708008 0.659180 0.537109 0.830078 0.854492 260.000000 2000.000000 E
S 76 S 1.806641 0.537109 1.660156 0.659180 0.732422 0.585938 0.512695 0.708008 260.000000 2000.000000 E
S 77 S 1.831055 0.585938 1.586914 0.683594 0.903320 0.683594 0.585938 0.732422 260.000000 2000.000000 E
S 78 S 1.660156 0.488281 1.342773 0.659180 0.854492 0.585938 0.610352 0.854492 260.000000 2000.000000 E
S 79 S 0.610352 0.878906 1.098633 0.292969 0.683594 0.683594 0.683594 0.463867 -104.000000 2000.000000 E
S 80 S 1.025391 10.107420 13.354490 0.366211 0.683594 8.984375 7.666016 0.463867 -104.000000 2000.000000 E
S 81 S 1.147461 11.962890 15.356450 0.439453 0.585938 11.914060 10.424800 0.610352 66.388250 2000.000000 E
S 82 S 1.293945 13.867190 17.333980 0.463867 0.805664 14.990230 13.598630 0.878906 66.388250 2000.000000 E
S 83 S 1.489258 16.357420 19.335940 0.585938 0.878906 19.140630 17.333980 1.342773 191.019600 2000.000000 E
S 84 S 1.708984 20.239260 22.167970 0.756836 1.123047 26.440430 23.925780 2.709961 -236.814100 2000.000000 E
S 85 S 2.026367 22.216800 23.413090 0.927734 1.513672 30.566410 27.612300 4.052734 -236.814100 2000.000000 E
S 86 S 2.319336 24.877930 25.146480 1.123047 2.124023 35.839840 31.884770 5.957031 -260.000000 2000.000000 E
S 87 S 3.051758 27.050780 25.781250 1.635742 2.734375 39.819340 35.717770 8.178711 -260.000000 2000.000000 E
S 88 S 4.248047 31.298830 27.319340 2.807617 4.199219 47.045900 41.503910 12.207030 -260.000000 2000.000000 E
S 89 S 5.395508 33.203130 27.734380 3.686523 5.151367 49.780270 43.359380 14.453130 -260.000000 2000.000000 E
S 90 S 6.420898 35.400390 27.587890 4.687500 5.981445 52.246090 43.872070 16.406250 -260.000000 2000.000000 E
S 91 S 7.958984 36.108400 26.049800 5.737305 6.713867 52.050780 43.530270 18.017580 -260.000000 2000.000000 E
S 92 S 9.252930 37.524410 25.585940 6.860352 7.641602 52.490230 42.749020 19.311520 -260.000000 2000.000000 E
S 93 S 14.160160 39.379880 21.655270 9.619141 9.082031 49.121090 37.426760 20.727540 -260.000000 2000.000000 E
S 94 S 16.015630 40.161130 20.361330 10.498050 9.423828 47.192380 34.716800 20.434570 -260.000000 2000.000000 E
S 95 S 18.090820 40.087890 18.139650 11.401370 9.252930 44.287110 31.518550 19.848630 -260.000000 2000.000000 E
S 96 S 19.799800 39.355470 16.357420 11.694340 9.301758 40.722660 27.978520 18.432620 -260.000000 2000.000000 E
S 97 S 21.508790 38.769530 14.038090 12.207030 9.082031 38.061520 24.804690 17.675780 -260.000000 2000.000000 E
S 98 S 23.608400 37.304690 11.669920 12.768550 8.715820 34.228520 21.240230 16.308590 -156.000000 2000.000000 E
S 99 S 25.366210 36.035160 9.863281 12.915040 8.422852 30.908200 18.408200 14.770510 -156.000000 2000.000000 E
S 100 S 27.001950 35.351560 8.227539 13.159180 8.081055 29.077150 16.015630 14.233400 -156.000000 2000.000000 E
S 101 S 28.955080 34.350590 7.006836 13.183590 7.543945 25.659180 13.916020 12.402340 -156.000000 2000.000000 E
S 102 S 30.810550 31.469730 5.249023 13.305660 7.153320 21.899410 10.644530 10.766600 -166.914800 2000.000000 E
S 103 S 32.470700 30.004880 4.565430 13.085940 6.616211 20.190430 9.008789 10.058590 -156.000000 2000.000000 E
S 104 S 33.618160 28.515630 4.321289 13.208010 6.396484 18.530270 7.666016 9.106445 -156.000000 2000.000000 E
S 105 S 35.131840 26.904300 4.174805 13.208010 6.030273 16.748050 6.469727 8.471680 -156.000000 2000.000000 E
S 106 S 36.352540 25.390630 4.467773 13.232420 5.834961 15.209960 5.419922 7.861328 -156.000000 2000.000000 E
S 107 S 38.891600 23.388670 5.541992 13.330080 5.493164 13.232420 4.125977 6.762695 -156.000000 2000.000000 E
S 108 S 39.770510 22.314450 6.201172 13.281250 5.273438 12.475590 3.588867 6.347656 -156.000000 2000.000000 E
S 109 S 41.015630 21.044920 6.982422 13.305660 5.004883 11.450200 3.027344 5.908203 -156.000000 2000.000000 E
S 110 S 42.382810 19.702150 8.105469 13.452150 4.858398 10.546880 2.636719 5.566406 -156.000000 2000.000000 E
S 111 S 44.555660 17.578130 10.058590 13.696290 4.931641 9.521484 2.148438 5.029297 -156.000000 2000.000000 E
S 112 S 46.655270 16.259770 11.865230 14.038090 4.736328 8.886719 1.635742 4.785156 -156.000000 2000.000000 E
S 113 S 48.291020 15.698240 12.744140 13.989260 4.760742 8.276367 1.562500 4.370117 -180.150900 2000.000000 E
S 114 S 49.365230 14.697270 14.257810 14.404300 4.809570 8.251953 1.293945 4.541016 -219.102500 2000.000000 E
S 115 S 50.805660 13.598630 15.747070 14.916990 4.858398 7.836914 1.171875 4.321289 -219.102500 2000.000000 E
S 116 S 67.285160 5.468750 35.156250 22.949220 8.813477 8.618164 0.537109 6.518555 -187.206700 2000.000000 E
S 117 S 61.352540 1.586914 46.020510 32.958980 18.432620 15.307620 0.732422 13.696290 -248.349300 2000.000000 E
S 118 S 59.033200 1.318359 45.605470 33.520510 19.750980 16.479490 0.683594 14.965820 -248.349300 2000.000000 E
S 119 S 54.858400 1.440430 43.652340 33.715820 21.533200 17.797850 0.512695 16.552730 -247.588100 2000.000000 E
S 120 S 51.440430 1.440430 41.479490 33.886720 23.315430 19.238280 0.634766 18.188480 -218.938400 2000.000000 E
S 121 S 44.873050 1.733398 36.547850 33.447270 25.756840 22.167970 0.561523 21.411130 -247.538100 2000.000000 E
S 122 S 42.504880 1.855469 34.130860 32.861330 27.392580 23.754880 0.585938 23.168950 -247.538100 2000.000000 E
S 123 S 36.914060 2.612305 28.320310 31.250000 28.564450 25.830080 0.585938 25.537110 -260.000000 2000.000000 E
S 124 S 34.204100 3.759766 24.365230 29.711910 29.541020 27.709960 0.585938 27.563480 -260.000000 2000.000000 E
S 125 S 27.978520 5.834961 16.406250 26.489260 30.151370 30.834960 0.512695 31.176760 -260.000000 2000.000000 E
S 126 S 24.658200 7.739258 11.987300 24.682620 30.249020 33.300780 0.634766 33.642580 -260.000000 2000.000000 E
S 127 S 21.899410 9.423828 8.105469 22.827150 30.224610 35.961910 0.610352 36.108400 -260.000000 2000.000000 E
S 128 S 19.970700 11.547850 5.566406 21.289060 29.736330 38.793950 0.805664 38.061520 -260.000000 2000.000000 E
S 129 S 18.188480 13.916020 3.930664 19.628910 28.759770 41.308590 1.123047 39.721680 -260.000000 2000.000000 E
S 130 S 16.674800 17.578130 4.003906 17.724610 26.391600 44.604490 3.417969 40.209960 -260.000000 2000.000000 E
S 131 S 16.040040 20.166020 5.273438 16.748050 25.122070 46.997070 6.372070 40.039060 -260.000000 2000.000000 E
S 132 S 15.917970 22.241210 6.616211 16.308590 24.072270 49.145510 9.765625 39.697270 -260.000000 2000.000000 E
S 133 S 15.966800 24.243160 8.227539 16.186520 23.095700 51.098630 13.427730 38.940430 -260.000000 2000.000000 E
S 134 S 18.286130 28.979490 10.668950 16.894530 21.386720 54.370120 21.386720 36.279300 -260.000000 2000.000000 E
S 135 S 19.531250 30.151370 10.791020 17.333980 20.727540 53.588870 22.753910 34.252930 -260.000000 2000.000000 E
S 136 S 20.971680 30.932620 10.571290 17.822270 20.190430 52.880860 23.583980 32.812500 -260.000000 2000.000000 E
S 137 S 22.631840 31.420900 10.083010 18.432620 19.799800 51.684570 23.681640 31.225590 -260.000000 2000.000000 E
S 138 S 24.096680 31.884770 9.375000 19.287110 19.458010 50.341800 23.413090 29.858400 -260.000000 2000.000000 E
S 139 S 27.124020 32.763670 8.471680 20.678710 19.213870 48.486330 22.680660 27.978520 -260.000000 2000.000000 E
S 140 S 29.223630 32.836910 7.788086 21.533200 19.018550 46.948240 21.899410 26.635740 -260.000000 2000.000000 E
S 141 S 31.030270 32.568360 7.226563 22.192380 18.774410 44.921880 20.605470 25.341800 -260.000000 2000.000000 E
S 142 S 33.056640 32.104490 6.787109 22.802730 18.457030 42.724610 19.140630 23.852540 -260.000000 2000.000000 E
S 143 S 35.522460 31.298830 6.274414 23.706050 17.993160 40.087890 17.138670 22.387700 -260.000000 2000.000000 E
S 144 S 37.402340 30.639650 6.640625 24.511720 17.993160 38.354490 15.844730 21.362300 -260.000000 2000.000000 E
S 145 S 39.184570 29.882810 7.104492 25.195310 17.871090 36.962890 14.404300 20.629880 -260.000000 2000.000000 E
S 146 S 41.748050 29.467770 7.885742 26.000980 17.724610 35.498050 13.452150 19.775390 -260.000000 2000.000000 E
S 147 S 43.359380 28.662110 8.813477 26.416020 17.822270 34.619140 12.573240 19.238280 -260.000000 2000.000000 E
S 148 S 45.458980 26.879880 10.327150 27.294920 17.382810 32.470700 10.791020 18.286130 -180.110800 2000.000000 E
S 149 S 46.923830 25.000000 12.426760 28.076170 17.675780 31.127930 9.326172 17.822270 -156.000000 2000.000000 E
S 150 S 47.631840 23.901370 13.940430 28.735350 18.090820 30.566410 8.715820 17.846680 -156.000000 2000.000000 E
S 151 S 49.218750 22.705080 15.673830 29.492190 18.359380 30.004880 7.885742 17.700200 -156.000000 2000.000000 E
S 152 S 48.022460 8.520508 31.030270 35.522460 26.000980 31.494140 3.100586 23.022460 -121.243000 2000.000000 E
S 153 S 1.831055 0.488281 2.221680 2.490234 8.081055 8.154297 5.371094 27.587890 260.000000 2000.000000 E
S 154 S 1.513672 0.488281 1.684570 2.001953 6.616211 6.323242 4.589844 22.656250 260.000000 2000.000000 E
S 155 S 1.171875 0.708008 1.367188 1.513672 5.078125 4.736328 3.784180 18.017580 260.000000 2000.000000 E
S 156 S 0.878906 0.585938 1.196289 1.147461 4.199219 3.613281 3.295898 14.526370 260.000000 2000.000000 E
S 157 S 0.756836 0.512695 1.220703 0.878906 2.661133 2.221680 2.416992 9.545898 260.000000 2000.000000 E
S 158 S 0.708008 0.659180 1.000977 0.781250 2.050781 1.660156 2.050781 7.324219 260.000000 2000.000000 E
S 159 S 0.585938 0.756836 1.342773 0.561523 1.660156 1.342773 1.879883 5.346680 260.000000 2000.000000 E
S 160 S 0.537109 0.659180 1.391602 0.585938 1.367188 1.025391 1.416016 4.052734 260.000000 2000.000000 E
S 161 S 0.610352 0.805664 1.391602 0.488281 1.074219 1.049805 1.123047 2.832031 260.000000 2000.000000 E
S 162 S 0.683594 0.781250 1.684570 0.415039 0.732422 0.659180 0.732422 1.733398 260.000000 2000.000000 E
S 163 S 0.561523 0.854492 1.635742 0.463867 0.830078 0.708008 0.708008 1.367188 260.000000 2000.000000 E
S 164 S 0.561523 0.903320 1.855469 0.463867 0.708008 0.585938 0.610352 0.927734 260.000000 2000.000000 E
S 165 S 0.610352 0.976563 2.148438 0.634766 0.537109 0.585938 0.659180 0.708008 260.000000 2000.000000 E
S 166 S 0.659180 1.000977 2.246094 0.341797 0.659180 0.488281 0.512695 0.659180 260.000000 2000.000000 E
S 167 S 0.537109 0.976563 2.270508 0.317383 0.439453 0.561523 0.683594 0.634766 260.000000 2000.000000 E
S 168 S 0.634766 0.976563 2.270508 0.341797 0.317383 0.561523 0.537109 0.585938 260.000000 2000.000000 E
S 169 S 0.585938 1.098633 2.343750 0.390625 0.488281 0.488281 0.585938 0.537109 260.000000 2000.000000 E
S 170 S 0.634766 1.147461 2.441406 0.537109 0.463867 0.537109 0.830078 0.488281 260.000000 2000.000000 E
S 171 S 0.585938 1.196289 2.270508 0.366211 0.463867 0.488281 0.756836 0.512695 260.000000 2000.000000 E
S 172 S 0.537109 1.220703 2.392578 0.366211 0.488281 0.634766 0.805664 0.659180 260.000000 2000.000000 E
S 173 S 0.488281 1.147461 2.319336 0.415039 0.463867 0.537109 0.903320 0.659180 260.000000 2000.000000 E
S 174 S 0.537109 1.245117 2.221680 0.439453 0.390625 0.610352 1.025391 0.634766 260.000000 2000.000000 E
S 175 S 0.512695 1.220703 2.001953 0.366211 0.512695 0.585938 0.952148 0.610352 260.000000 2000.000000 E
S 176 S 0.634766 1.342773 1.953125 0.512695 0.390625 0.805664 1.245117 0.512695 260.000000 2000.000000 E
S 177 S 0.488281 1.220703 1.855469 0.415039 0.561523 0.830078 1.220703 0.537109 260.000000 2000.000000 E
S 178 S 0.463867 1.196289 1.684570 0.317383 0.439453 0.854492 1.196289 0.439453 260.000000 2000.000000 E
S 179 S 0.390625 1.293945 1.513672 0.463867 0.390625 0.952148 1.269531 0.366211 260.000000 2000.000000 E
S 180 S 0.366211 1.342773 1.538086 0.415039 0.439453 0.976563 1.147461 0.463867 260.000000 2000.000000 E
S 181 S 0.463867 1.171875 1.513672 0.439453 0.634766 1.025391 1.196289 0.415039 260.000000 2000.000000 E
S 182 S 0.366211 1.074219 1.196289 0.390625 0.415039 0.952148 1.171875 0.415039 260.000000 2000.000000 E
S 183 S 0.537109 1.025391 1.000977 0.439453 0.561523 0.976563 1.123047 0.512695 260.000000 2000.000000 E
S 184 S 0.537109 0.878906 1.123047 0.488281 0.512695 1.074219 1.147461 0.561523 260.000000 2000.000000 E
S 185 S 0.463867 0.952148 1.049805 0.439453 0.341797 1.074219 1.025391 0.415039 260.000000 2000.000000 E
S 186 S 0.537109 1.025391 0.830078 0.390625 0.537109 1.025391 0.976563 0.512695 260.000000 2000.000000 E
S 187 S 0.537109 0.927734 0.781250 0.463867 0.512695 1.000977 0.927734 0.512695 260.000000 2000.000000 E
S 188 S 0.659180 0.830078 0.683594 0.512695 0.390625 1.025391 0.903320 0.463867 260.000000 2000.000000 E
S 189 S 0.610352 0.805664 0.610352 0.439453 0.463867 1.000977 0.878906 0.585938 260.000000 2000.000000 E
S 190 S 0.537109 0.610352 0.610352 0.390625 0.463867 0.878906 0.781250 0.488281 260.000000 2000.000000 E
S 191 S 0.903320 0.585938 0.708008 0.366211 0.512695 0.634766 0.585938 0.512695 260.000000 2000.000000 E
S 192 S 1.855469 0.390625 1.196289 0.585938 0.585938 0.683594 0.561523 0.756836 260.000000 2000.000000 E
S 193 S 1.953125 0.463867 1.220703 0.610352 0.683594 0.732422 0.463867 0.634766 260.000000 2000.000000 E
S 194 S 1.928711 0.341797 1.318359 0.659180 0.634766 0.756836 0.585938 0.683594 260.000000 2000.000000 E
S 195 S 1.831055 0.415039 1.367188 0.805664 0.683594 0.585938 0.561523 0.805664 260.000000 2000.000000 E
S 196 S 2.050781 0.439453 1.464844 0.708008 0.732422 0.756836 0.659180 0.830078 260.000000 2000.000000 E
S 197 S 1.684570 0.585938 1.464844 0.610352 0.976563 0.512695 0.659180 0.830078 260.000000 2000.000000 E
S 198 S 1.611328 0.561523 1.513672 0.683594 0.805664 0.610352 0.756836 0.805664 260.000000 2000.000000 E
S 199 S 1.342773 0.463867 1.391602 0.634766 0.781250 0.537109 0.708008 0.781250 260.000000 2000.000000 E
S 200 S 1.367188 0.463867 1.245117 0.610352 0.756836 0.561523 0.830078 0.805664 260.000000 2000.000000 E
S 201 S 1.074219 0.488281 0.927734 0.561523 0.732422 0.585938 0.830078 0.708008 260.000000 2000.000000 E
S 202 S 1.049805 0.439453 0.830078 0.561523 0.585938 0.463867 0.854492 0.659180 260.000000 2000.000000 E
S 203 S 0.830078 0.390625 0.732422 0.561523 0.756836 0.415039 0.683594 0.561523 260.000000 2000.000000 E
S 204 S 0.878906 0.463867 0.781250 0.537109 0.683594 0.463867 0.634766 0.732422 260.000000 2000.000000 E
S 205 S 0.781250 0.512695 0.659180 0.659180 0.561523 0.683594 0.683594 0.610352 -260.000000 2000.000000 E
S 206 S 0.781250 0.634766 0.878906 0.610352 0.561523 0.585938 0.708008 0.488281 -260.000000 2000.000000 E
S 207 S 0.634766 0.756836 1.025391 0.439453 0.585938 0.610352 0.537109 0.463867 -260.000000 2000.000000 E
S 208 S 0.659180 0.976563 1.489258 0.439453 0.561523 0.756836 0.488281 0.512695 -156.000000 2000.000000 E
S 209 S 0.415039 1.123047 1.586914 0.292969 0.512695 0.585938 0.439453 0.341797 -150.071300 2000.000000 E
S 210 S 0.415039 1.562500 2.270508 0.341797 0.463867 0.708008 0.463867 0.317383 -150.071300 2000.000000 E
S 211 S 0.415039 2.539063 4.150391 0.390625 0.341797 1.367188 0.732422 0.317383 -104.000000 2000.000000 E
S 212 S 0.488281 3.320313 4.833984 0.292969 0.390625 1.733398 1.147461 0.341797 -104.000000 2000.000000 E
S 213 S 0.634766 4.492188 6.860352 0.341797 0.415039 2.563477 1.782227 0.292969 -104.000000 2000.000000 E
S 214 S 0.708008 5.810547 8.129883 0.463867 0.390625 4.345703 3.125000 0.317383 -104.000000 2000.000000 E
S 215 S 0.756836 7.299805 9.960938 0.366211 0.463867 6.152344 5.004883 0.439453 -104.000000 2000.000000 E
S 216 S 1.049805 13.354490 15.698240 0.463867 0.585938 16.137700 14.672850 0.878906 164.151900 2000.000000 E
S 217 S 1.269531 15.771480 17.968750 0.561523 0.781250 20.166020 18.383790 1.513672 164.151900 2000.000000 E
S 218 S 1.367188 18.139650 19.799800 0.732422 0.927734 24.682620 22.485350 2.514648 -217.760000 2000.000000 E
S 219 S 1.660156 20.629880 21.459960 0.781250 1.269531 29.028320 26.538090 3.759766 -217.760000 2000.000000 E
S 220 S 2.221680 24.902340 23.925780 1.318359 2.343750 36.816410 32.885740 6.884766 -260.000000 2000.000000 E
S 221 S 2.954102 27.563480 25.341800 1.879883 3.027344 41.186520 36.718750 9.057617 -260.000000 2000.000000 E
S 222 S 4.321289 32.275390 27.416990 3.002930 4.296875 47.583010 42.333980 12.792970 -260.000000 2000.000000 E
S 223 S 5.664063 35.058590 28.149410 3.808594 5.078125 50.048830 44.262700 14.721680 -260.000000 2000.000000 E
S 224 S 6.518555 37.133790 28.540040 4.736328 5.712891 51.342770 44.702150 16.088870 -260.000000 2000.000000 E
S 225 S 8.471680 39.916990 27.465820 5.883789 6.127930 50.097660 42.578130 16.967770 -260.000000 2000.000000 E
S 226 S 9.594727 40.917970 26.562500 6.616211 6.396484 48.095700 40.625000 17.163090 -260.000000 2000.000000 E
S 227 S 10.815430 41.430660 25.048830 7.250977 6.420898 45.825200 37.670900 16.943360 -260.000000 2000.000000 E
S 228 S 12.011720 41.796880 23.364260 7.543945 6.469727 42.724610 34.448240 16.406250 -260.000000 2000.000000 E
S 229 S 13.281250 41.479490 21.313480 7.910156 6.103516 39.257810 30.957030 15.502930 -260.000000 2000.000000 E
S 230 S 13.525390 14.575200 1.440430 3.466797 1.025391 5.371094 2.416992 2.148438 -260.000000 2000.000000 E
S 231 S 8.520508 3.344727 0.830078 1.196289 0.439453 0.805664 0.561523 0.537109 -260.000000 2000.000000 E
S 232 S 7.592773 3.051758 0.781250 0.903320 0.415039 0.561523 0.561523 0.317383 -260.000000 2000.000000 E
S 233 S 7.617188 2.392578 0.952148 0.878906 0.317383 0.561523 0.439453 0.244141 -260.000000 2000.000000 E
S 234 S 7.055664 1.782227 0.927734 0.781250 0.390625 0.439453 0.415039 0.317383 -260.000000 2000.000000 E
S 235 S 6.787109 1.416016 1.074219 0.634766 0.366211 0.317383 0.366211 0.390625 -260.000000 2000.000000 E
S 236 S 6.298828 1.318359 1.098633 0.634766 0.390625 0.463867 0.390625 0.341797 -260.000000 2000.000000 E
S 237 S 6.176758 0.976563 1.269531 0.634766 0.292969 0.366211 0.537109 0.317383 -260.000000 2000.000000 E
S 238 S 5.932617 0.805664 1.147461 0.585938 0.292969 0.463867 0.439453 0.341797 -260.000000 2000.000000 E
S 239 S 5.493164 0.708008 1.245117 0.561523 0.317383 0.390625 0.390625 0.341797 -260.000000 2000.000000 E
S 240 S 5.224609 0.634766 1.318359 0.512695 0.366211 0.390625 0.292969 0.317383 -260.000000 2000.000000 E
S 241 S 5.126953 0.488281 1.513672 0.488281 0.317383 0.415039 0.463867 0.366211 -260.000000 2000.000000 E
S 242 S 4.931641 0.415039 1.464844 0.366211 0.317383 0.317383 0.439453 0.268555 -260.000000 2000.000000 E
S 243 S 4.833984 0.366211 1.367188 0.561523 0.244141 0.463867 0.366211 0.244141 -260.000000 2000.000000 E
S 244 S 4.174805 0.317383 1.367188 0.463867 0.292969 0.415039 0.439453 0.292969 -260.000000 2000.000000 E
S 245 S 4.272461 0.366211 1.416016 0.415039 0.366211 0.415039 0.292969 0.268555 -260.000000 2000.000000 E
S 246 S 3.930664 0.366211 1.367188 0.415039 0.317383 0.439453 0.537109 0.317383 -260.000000 2000.000000 E
S 247 S 3.979492 0.317383 1.440430 0.341797 0.390625 0.463867 0.585938 0.146484 -260.000000 2000.000000 E
S 248 S 3.784180 0.463867 1.440430 0.390625 0.341797 0.488281 0.463867 0.390625 -260.000000 2000.000000 E
S 249 S 3.613281 0.366211 1.538086 0.415039 0.341797 0.537109 0.415039 0.317383 -260.000000 2000.000000 E
S 250 S 3.417969 0.292969 1.293945 0.439453 0.219727 0.488281 0.463867 0.366211 -260.000000 2000.000000 E
S 251 S 3.442383 0.244141 1.367188 0.390625 0.390625 0.488281 0.463867 0.317383 -260.000000 2000.000000 E
S 252 S 3.271484 0.219727 1.538086 0.366211 0.244141 0.463867 0.537109 0.317383 -260.000000 2000.000000 E
S 253 S 3.271484 0.341797 1.416016 0.268555 0.341797 0.366211 0.366211 0.317383 -260.000000 2000.000000 E
S 254 S 3.295898 0.415039 1.440430 0.390625 0.366211 0.488281 0.390625 0.415039 -260.000000 2000.000000 E
S 255 S 3.295898 0.317383 1.269531 0.317383 0.366211 0.439453 0.390625 0.219727 -260.000000 2000.000000 E
S 256 S 3.320313 0.341797 1.513672 0.292969 0.317383 0.512695 0.561523 0.390625 -260.000000 2000.000000 E
S 257 S 3.076172 0.317383 1.220703 0.390625 0.390625 0.512695 0.512695 0.366211 -260.000000 2000.000000 E
S 258 S 2.880859 0.244141 1.293945 0.488281 0.292969 0.488281 0.317383 0.341797 -260.000000 2000.000000 E
S 259 S 2.978516 0.292969 1.196289 0.244141 0.268555 0.537109 0.463867 0.317383 -260.000000 2000.000000 E
S 260 S 2.880859 0.317383 1.440430 0.292969 0.219727 0.561523 0.537109 0.292969 -260.000000 2000.000000 E
S 261 S 2.709961 0.341797 1.293945 0.415039 0.244141 0.610352 0.439453 0.341797 -260.000000 2000.000000 E
S 262 S 2.709961 0.317383 1.171875 0.317383 0.292969 0.610352 0.537109 0.439453 -260.000000 2000.000000 E
S 263 S 2.490234 0.292969 1.074219 0.317383 0.268555 0.537109 0.512695 0.415039 -260.000000 2000.000000 E
S 264 S 2.416992 0.390625 1.123047 0.268555 0.317383 0.561523 0.488281 0.268555 -260.000000 2000.000000 E
S 265 S 2.416992 0.170898 1.171875 0.390625 0.292969 0.683594 0.463867 0.341797 -260.000000 2000.000000 E
S 266 S 2.270508 0.390625 1.025391 0.292969 0.341797 0.488281 0.512695 0.268555 -260.000000 2000.000000 E
S 267 S 2.197266 0.366211 1.000977 0.292969 0.268555 0.610352 0.488281 0.317383 -260.000000 2000.000000 E
S 268 S 0.610352 0.219727 0.390625 0.317383 0.268555 0.805664 0.561523 0.463867 -260.000000 2000.000000 E
S 269 S 0.366211 0.366211 0.366211 0.317383 0.439453 0.537109 0.561523 0.463867 -260.000000 2000.000000 E
S 270 S 0.463867 0.195313 0.292969 0.463867 0.463867 0.585938 0.292969 0.585938 -260.000000 2000.000000 E
S 271 S 0.463867 0.317383 0.439453 0.390625 0.415039 0.634766 0.488281 0.683594 -260.000000 2000.000000 E
S 272 S 0.463867 0.317383 0.439453 0.390625 0.463867 0.561523 0.268555 0.561523 -260.000000 2000.000000 E
S 273 S 0.512695 0.268555 0.488281 0.390625 0.585938 0.561523 0.488281 0.708008 -260.000000 2000.000000 E
S 274 S 0.610352 0.366211 0.415039 0.415039 0.463867 0.561523 0.341797 0.634766 -260.000000 2000.000000 E
S 275 S 0.585938 0.366211 0.561523 0.317383 0.610352 0.610352 0.341797 0.683594 -260.000000 2000.000000 E
S 276 S 0.708008 0.244141 0.585938 0.537109 0.463867 0.537109 0.415039 0.708008 -260.000000 2000.000000 E
S 277 S 0.732422 0.366211 0.659180 0.439453 0.512695 0.512695 0.390625 0.756836 -260.000000 2000.000000 E
S 278 S 0.854492 0.341797 0.708008 0.512695 0.537109 0.659180 0.390625 0.708008 -260.000000 2000.000000 E
S 279 S 0.781250 0.366211 0.805664 0.439453 0.488281 0.512695 0.415039 0.732422 -260.000000 2000.000000 E
S 280 S 0.781250 0.292969 0.708008 0.439453 0.683594 0.366211 0.390625 0.610352 -260.000000 2000.000000 E
S 281 S 0.756836 0.268555 0.756836 0.415039 0.512695 0.341797 0.439453 0.659180 -260.000000 2000.000000 E
S 282 S 0.781250 0.244141 0.683594 0.561523 0.537109 0.439453 0.244141 0.756836 -260.000000 2000.000000 E
S 283 S 0.708008 0.390625 0.854492 0.439453 0.585938 0.317383 0.439453 0.708008 -260.000000 2000.000000 E
S 284 S 0.854492 0.341797 0.805664 0.537109 0.488281 0.415039 0.341797 0.708008 -260.000000 2000.000000 E
S 285 S 0.805664 0.268555 0.781250 0.488281 0.585938 0.341797 0.341797 0.854492 -260.000000 2000.000000 E
S 286 S 0.805664 0.292969 0.732422 0.512695 0.537109 0.439453 0.390625 0.830078 -260.000000 2000.000000 E
S 287 S 0.781250 0.390625 0.683594 0.415039 0.585938 0.341797 0.366211 0.781250 -260.000000 2000.000000 E
S 288 S 0.805664 0.268555 0.756836 0.488281 0.512695 0.659180 0.390625 0.708008 -260.000000 2000.000000 E
S 289 S 0.756836 0.390625 0.610352 0.537109 0.561523 0.390625 0.366211 0.781250 -260.000000 2000.000000 E
S 290 S 0.634766 0.268555 0.732422 0.463867 0.610352 0.439453 0.561523 0.634766 -260.000000 2000.000000 E
S 291 S 0.781250 0.439453 0.634766 0.488281 0.463867 0.439453 0.488281 0.805664 -260.000000 2000.000000 E
S 292 S 0.683594 0.219727 0.805664 0.488281 0.488281 0.341797 0.683594 0.854492 -260.000000 2000.000000 E
S 293 S 0.756836 0.268555 0.610352 0.610352 0.512695 0.390625 0.463867 0.683594 -260.000000 2000.000000 E
S 294 S 0.610352 0.268555 0.683594 0.415039 0.488281 0.341797 0.463867 0.659180 -260.000000 2000.000000 E
S 295 S 0.683594 0.292969 0.634766 0.415039 0.488281 0.341797 0.366211 0.585938 -260.000000 2000.000000 E
S 296 S 0.488281 0.366211 0.390625 0.366211 0.537109 0.341797 0.317383 0.537109 -260.000000 2000.000000 E
S 297 S 0.366211 0.268555 0.415039 0.317383 0.390625 0.292969 0.463867 0.366211 -260.000000 2000.000000 E
S 298 S 0.341797 0.317383 0.537109 0.317383 0.390625 0.244141 0.561523 0.463867 -260.000000 2000.000000 E
S 299 S 0.390625 0.317383 0.390625 0.317383 0.415039 0.317383 0.463867 0.390625 -260.000000 2000.000000 E
S 300 S 0.415039 0.219727 0.317383 0.317383 0.415039 0.317383 0.439453 0.512695 -260.000000 2000.000000 E
S 301 S 0.415039 0.244141 0.439453 0.317383 0.292969 0.390625 0.317383 0.439453 -260.000000 2000.000000 E
S 302 S 0.292969 0.317383 0.341797 0.488281 0.512695 0.366211 0.439453 0.488281 -260.000000 2000.000000 E
S 303 S 0.561523 0.341797 0.634766 0.366211 0.341797 0.341797 0.366211 0.512695 -260.000000 2000.000000 E
S 304 S 0.463867 0.292969 0.439453 0.366211 0.317383 0.366211 0.366211 0.439453 -260.000000 2000.000000 E
S 305 S 0.415039 0.317383 0.390625 0.366211 0.439453 0.292969 0.268555 0.415039 -260.000000 2000.000000 E
S 306 S 0.463867 0.268555 0.488281 0.390625 0.366211 0.341797 0.463867 0.366211 -260.000000 2000.000000 E
S 307 S 0.390625 0.463867 0.463867 0.317383 0.366211 0.219727 0.415039 0.390625 -260.000000 2000.000000 E
S 308 S 0.463867 0.170898 0.585938 0.366211 0.268555 0.317383 0.512695 0.317383 -260.000000 2000.000000 E
S 309 S 0.512695 0.415039 0.292969 0.219727 0.439453 0.195313 0.390625 0.512695 -260.000000 2000.000000 E
S 310 S 0.415039 0.415039 0.390625 0.244141 0.292969 0.292969 0.463867 0.415039 -260.000000 2000.000000 E
S 311 S 0.390625 0.219727 0.488281 0.341797 0.341797 0.317383 0.463867 0.341797 -260.000000 2000.000000 E
S 312 S 0.390625 0.366211 0.439453 0.317383 0.317383 0.268555 0.415039 0.366211 -260.000000 2000.000000 E
S 313 S 0.463867 0.268555 0.415039 0.341797 0.317383 0.317383 0.439453 0.390625 -260.000000 2000.000000 E
S 314 S 0.415039 0.390625 0.390625 0.317383 0.317383 0.268555 0.463867 0.366211 -260.000000 2000.000000 E
S 315 S 0.366211 0.292969 0.463867 0.317383 0.341797 0.292969 0.390625 0.244141 -260.000000 2000.000000 E
S 316 S 0.903320 0.317383 0.732422 0.463867 0.390625 0.439453 0.512695 0.390625 -260.000000 2000.000000 E
S 317 S 1.074219 0.390625 0.732422 0.341797 0.366211 0.268555 0.439453 0.317383 -260.000000 2000.000000 E
S 318 S 1.367188 0.415039 0.976563 0.292969 0.317383 0.292969 0.268555 0.244141 -260.000000 2000.000000 E
S 319 S 1.684570 0.512695 1.586914 0.219727 0.390625 0.268555 0.439453 0.390625 -260.000000 2000.000000 E
S 320 S 2.587891 0.488281 1.977539 0.292969 0.415039 0.390625 0.488281 0.341797 -104.000000 2000.000000 E
S 321 S 3.979492 0.683594 3.247070 0.366211 0.366211 0.317383 0.366211 0.317383 -260.000000 2000.000000 E
S 322 S 5.249023 1.000977 4.394531 0.341797 0.268555 0.488281 0.415039 0.390625 -260.000000 2000.000000 E
S 323 S 7.055664 1.367188 6.225586 0.463867 0.439453 0.439453 0.390625 0.341797 -260.000000 2000.000000 E
S 324 S 8.618164 2.001953 8.105469 0.488281 0.292969 0.390625 0.268555 0.341797 -260.000000 2000.000000 E
S 325 S 11.206050 2.758789 10.815430 0.561523 0.390625 0.390625 0.463867 0.268555 -260.000000 2000.000000 E
S 326 S 15.576170 4.541016 15.258790 0.878906 0.244141 0.415039 0.537109 0.366211 -260.000000 2000.000000 E
S 327 S 18.969730 5.761719 18.823240 1.318359 0.244141 0.366211 0.390625 0.366211 -206.493400 2000.000000 E
S 328 S 49.609380 35.009770 77.001950 18.261720 12.182620 3.051758 19.335940 12.915040 243.362100 2000.000000 E
S 329 S 45.898440 33.789060 74.096680 18.237300 14.135740 4.418945 24.414060 16.186520 260.000000 2000.000000 E
S 330 S 41.479490 31.591800 68.994140 17.431640 15.234380 6.127930 29.565430 18.847660 260.000000 2000.000000 E
S 331 S 33.300780 26.757810 57.714840 14.648440 15.307620 8.398438 36.035160 21.484380 260.000000 2000.000000 E
S 332 S 28.588870 23.706050 50.952150 12.744140 14.575200 9.448242 38.500980 22.363280 260.000000 2000.000000 E
S 333 S 21.801760 19.116210 40.625000 9.643555 12.890630 10.107420 40.234380 21.826170 260.000000 2000.000000 E
S 334 S 18.237300 16.235350 34.814450 7.910156 11.450200 10.156250 39.648440 20.434570 260.000000 2000.000000 E
S 335 S 13.110350 12.280270 26.049800 5.371094 8.789063 8.911133 35.522460 16.625980 260.000000 2000.000000 E
S 336 S 10.327150 10.083010 21.337890 4.028320 7.324219 7.666016 31.689450 13.769530 260.000000 2000.000000 E
S 337 S 8.398438 8.007813 17.431640 3.222656 6.005859 6.689453 27.709960 11.254880 260.000000 2000.000000 E
S 338 S 6.445313 6.347656 13.671880 2.368164 4.809570 5.297852 23.583980 9.057617 260.000000 2000.000000 E
S 339 S 3.784180 4.052734 8.447266 1.367188 3.076172 3.442383 16.699220 5.297852 260.000000 2000.000000 E
S 340 S 2.294922 2.539063 5.151367 0.976563 1.757813 2.392578 11.621090 2.880859 260.000000 2000.000000 E
S 341 S 1.831055 1.855469 4.003906 0.585938 1.611328 1.660156 9.252930 2.148438 260.000000 2000.000000 E
S 342 S 1.171875 1.416016 2.661133 0.415039 1.269531 1.147461 6.811523 1.440430 260.000000 2000.000000 E
S 343 S 0.903320 0.976563 1.904297 0.415039 1.098633 0.830078 5.126953 1.123047 260.000000 2000.000000 E
S 344 S 0.708008 0.708008 1.245117 0.439453 0.830078 0.659180 3.710938 0.878906 260.000000 2000.000000 E
S 345 S 0.268555 0.903320 1.049805 0.195313 0.415039 0.732422 0.830078 0.219727 260.000000 2000.000000 E
S 346 S 0.292969 1.123047 1.025391 0.317383 0.366211 1.391602 1.196289 0.439453 260.000000 2000.000000 E
S 347 S 0.341797 1.171875 1.074219 0.341797 0.488281 1.367188 1.074219 0.463867 260.000000 2000.000000 E
S 348 S 0.415039 1.074219 0.976563 0.390625 0.561523 1.367188 1.196289 0.463867 260.000000 2000.000000 E
S 349 S 0.317383 1.098633 0.781250 0.341797 0.390625 1.464844 1.123047 0.537109 260.000000 2000.000000 E
S 350 S 0.366211 1.000977 0.756836 0.341797 0.292969 1.416016 1.171875 0.512695 260.000000 2000.000000 E
S 351 S 0.366211 1.000977 0.585938 0.341797 0.341797 1.440430 1.123047 0.756836 260.000000 2000.000000 E
S 352 S 0.268555 0.976563 0.683594 0.219727 0.561523 1.367188 1.025391 0.415039 260.000000 2000.000000 E
S 353 S 0.415039 0.805664 0.634766 0.610352 0.390625 1.391602 0.903320 0.488281 260.000000 2000.000000 E
S 354 S 0.219727 0.927734 0.585938 0.195313 0.512695 1.196289 0.927734 0.366211 260.000000 2000.000000 E
S 355 S 0.317383 0.781250 0.512695 0.292969 0.317383 1.318359 0.878906 0.488281 260.000000 2000.000000 E
S 356 S 0.366211 0.854492 0.341797 0.341797 0.463867 1.098633 0.805664 0.585938 260.000000 2000.000000 E
S 357 S 0.561523 0.756836 0.488281 0.390625 0.366211 1.123047 0.732422 0.488281 260.000000 2000.000000 E
S 358 S 0.268555 0.732422 0.415039 0.292969 0.439453 1.074219 0.659180 0.537109 260.000000 2000.000000 E
S 359 S 0.439453 0.732422 0.341797 0.415039 0.439453 0.976563 0.537109 0.585938 260.000000 2000.000000 E
S 360 S 0.390625 0.708008 0.341797 0.268555 0.439453 1.025391 0.683594 0.512695 260.000000 2000.000000 E
S 361 S 0.439453 0.634766 0.390625 0.317383 0.708008 0.903320 0.610352 0.537109 260.000000 2000.000000 E
S 362 S 0.683594 0.585938 0.292969 0.512695 0.244141 1.025391 0.463867 0.659180 260.000000 2000.000000 E
S 363 S 0.463867 0.512695 0.292969 0.439453 0.390625 0.903320 0.537109 0.585938 260.000000 2000.000000 E
S 364 S 0.390625 0.585938 0.268555 0.439453 0.463867 0.708008 0.512695 0.463867 260.000000 2000.000000 E
S 365 S 0.585938 0.512695 0.317383 0.341797 0.415039 0.830078 0.439453 0.561523 260.000000 2000.000000 E
S 366 S 0.463867 0.390625 0.317383 0.390625 0.439453 0.634766 0.537109 0.488281 260.000000 2000.000000 E
S 367 S 0.781250 0.512695 0.390625 0.463867 0.390625 0.634766 0.439453 0.463867 260.000000 2000.000000 E
S 368 S 0.439453 0.341797 0.268555 0.366211 0.439453 0.634766 0.366211 0.610352 260.000000 2000.000000 E
S 369 S 0.561523 0.439453 0.366211 0.268555 0.488281 0.537109 0.463867 0.537109 260.000000 2000.000000 E
S 370 S 0.561523 0.537109 0.219727 0.317383 0.439453 0.610352 0.415039 0.610352 260.000000 2000.000000 E
S 371 S 0.537109 0.439453 0.439453 0.268555 0.488281 0.488281 0.317383 0.537109 260.000000 2000.000000 E
S 372 S 0.439453 0.488281 0.244141 0.292969 0.390625 0.561523 0.488281 0.561523 260.000000 2000.000000 E
S 373 S 0.537109 0.244141 0.292969 0.390625 0.341797 0.561523 0.512695 0.415039 260.000000 2000.000000 E
S 374 S 0.708008 0.439453 0.219727 0.292969 0.390625 0.488281 0.439453 0.634766 260.000000 2000.000000 E
S 375 S 0.512695 0.415039 0.317383 0.268555 0.512695 0.366211 0.390625 0.390625 260.000000 2000.000000 E
S 376 S 0.634766 0.366211 0.415039 0.366211 0.439453 0.488281 0.341797 0.415039 260.000000 2000.000000 E
S 377 S 0.610352 0.268555 0.341797 0.390625 0.366211 0.537109 0.488281 0.439453 260.000000 2000.000000 E
S 378 S 0.708008 0.390625 0.390625 0.463867 0.463867 0.585938 0.390625 0.415039 260.000000 2000.000000 E
S 379 S 0.781250 0.292969 0.463867 0.415039 0.390625 0.488281 0.341797 0.463867 260.000000 2000.000000 E
S 380 S 0.830078 0.317383 0.537109 0.317383 0.512695 0.366211 0.463867 0.488281 260.000000 2000.000000 E
S 381 S 0.830078 0.415039 0.390625 0.390625 0.415039 0.415039 0.488281 0.561523 260.000000 2000.000000 E
S 382 S 0.854492 0.244141 0.488281 0.366211 0.415039 0.366211 0.317383 0.463867 260.000000 2000.000000 E
S 383 S 0.952148 0.366211 0.585938 0.390625 0.439453 0.366211 0.415039 0.390625 260.000000 2000.000000 E
S 384 S 1.391602 0.390625 1.147461 0.439453 0.488281 0.292969 0.488281 0.439453 260.000000 2000.000000 E
S 385 S 1.684570 0.390625 1.733398 0.537109 0.390625 0.439453 0.610352 0.488281 260.000000 2000.000000 E
S 386 S 1.318359 0.561523 1.513672 0.415039 0.561523 0.244141 0.585938 0.415039 260.000000 2000.000000 E
S 387 S 1.489258 0.366211 1.611328 0.488281 0.463867 0.341797 0.610352 0.488281 260.000000 2000.000000 E
S 388 S 1.367188 0.561523 1.367188 0.341797 0.439453 0.341797 0.732422 0.537109 260.000000 2000.000000 E
S 389 S 1.318359 0.463867 1.440430 0.463867 0.463867 0.439453 0.805664 0.317383 260.000000 2000.000000 E
S 390 S 1.171875 0.439453 1.196289 0.366211 0.488281 0.341797 0.756836 0.390625 260.000000 2000.000000 E
S 391 S 1.074219 0.537109 1.171875 0.415039 0.463867 0.585938 0.781250 0.366211 260.000000 2000.000000 E
S 392 S 0.927734 0.415039 0.878906 0.439453 0.561523 0.390625 0.756836 0.512695 260.000000 2000.000000 E
S 393 S 1.025391 0.366211 0.830078 0.415039 0.439453 0.366211 0.708008 0.366211 260.000000 2000.000000 E
S 394 S 0.952148 0.366211 0.830078 0.439453 0.488281 0.341797 0.585938 0.244141 260.000000 2000.000000 E
S 395 S 0.830078 0.268555 0.610352 0.415039 0.268555 0.488281 0.561523 0.317383 260.000000 2000.000000 E
S 396 S 0.537109 0.390625 0.366211 0.170898 0.634766 0.268555 0.952148 0.317383 260.000000 2000.000000 E
S 397 S 0.683594 0.244141 0.439453 0.415039 0.415039 0.415039 0.585938 0.219727 260.000000 2000.000000 E
S 398 S 0.488281 0.390625 0.488281 0.415039 0.390625 0.561523 0.415039 0.292969 -260.000000 2000.000000 E
S 399 S 0.659180 0.463867 0.561523 0.366211 0.439453 0.634766 0.439453 0.292969 -260.000000 2000.000000 E
S 400 S 0.634766 0.659180 0.854492 0.366211 0.415039 0.659180 0.439453 0.341797 -260.000000 2000.000000 E
S 401 S 0.537109 0.878906 0.927734 0.292969 0.488281 0.805664 0.341797 0.244141 -260.000000 2000.000000 E
S 402 S 0.512695 1.245117 1.733398 0.317383 0.463867 1.196289 0.781250 0.341797 -104.000000 2000.000000 E
S 403 S 0.537109 2.539063 3.442383 0.415039 0.488281 2.661133 1.416016 0.341797 -104.000000 2000.000000 E
S 404 S 0.488281 3.491211 4.809570 0.292969 0.341797 4.223633 2.783203 0.244141 -104.000000 2000.000000 E
S 405 S 0.561523 4.931641 6.323242 0.341797 0.463867 5.981445 4.443359 0.390625 -104.000000 2000.000000 E
S 406 S 0.561523 6.298828 7.739258 0.292969 0.634766 8.325195 6.420898 0.463867 198.809300 2000.000000 E
S 407 S 0.805664 9.399414 11.083980 0.463867 0.610352 12.695310 10.913090 0.830078 260.000000 2000.000000 E
S 408 S 1.123047 13.037110 14.550780 0.585938 0.952148 18.945310 16.650390 1.708984 -83.929350 2000.000000 E
S 409 S 1.220703 15.551760 16.699220 0.610352 1.269531 23.242190 20.532230 2.514648 -83.929350 2000.000000 E
S 410 S 1.733398 18.310550 18.530270 0.878906 1.562500 27.758790 24.707030 3.833008 -224.454700 2000.000000 E
S 411 S 1.953125 21.166990 20.849610 1.049805 1.977539 32.470700 28.686520 5.493164 -260.000000 2000.000000 E
S 412 S 2.539063 24.243160 22.998050 1.440430 2.539063 37.280270 33.276370 7.397461 -260.000000 2000.000000 E
S 413 S 3.540039 29.418950 26.245120 2.368164 3.710938 44.677730 40.039060 10.888670 -260.000000 2000.000000 E
S 414 S 4.565430 32.397460 27.416990 3.125000 4.467773 47.998050 42.578130 12.817380 -260.000000 2000.000000 E
S 415 S 5.566406 34.985350 28.295900 3.881836 5.078125 50.122070 44.189450 14.721680 -260.000000 2000.000000 E
S 416 S 6.713867 37.109380 28.247070 4.833984 5.688477 50.903320 44.458010 15.893550 -260.000000 2000.000000 E
S 417 S 8.666992 39.672850 27.514650 6.152344 6.127930 50.048830 42.700200 17.089840 -260.000000 2000.000000 E
S 418 S 9.936523 41.162110 26.562500 6.616211 6.567383 48.120120 40.795900 17.187500 -260.000000 2000.000000 E
S 419 S 11.059570 41.772460 25.000000 7.397461 6.567383 45.825200 38.037110 17.114260 -260.000000 2000.000000 E
S 420 S 12.353520 41.821290 23.339840 7.934570 6.494141 42.968750 34.765630 16.723630 -260.000000 2000.000000 E
S 421 S 13.940430 40.063480 19.287110 7.934570 5.883789 35.693360 27.636720 14.306640 -260.000000 2000.000000 E
S 422 S 13.427730 13.720700 1.171875 3.173828 1.025391 4.760742 2.050781 2.172852 -260.000000 2000.000000 E
S 423 S 7.910156 2.880859 0.878906 0.976563 0.390625 0.537109 0.585938 0.317383 -260.000000 2000.000000 E
S 424 S 7.568359 2.343750 0.878906 1.171875 0.317383 0.561523 0.463867 0.341797 -260.000000 2000.000000 E
S 425 S 7.153320 2.075195 0.732422 0.830078 0.439453 0.463867 0.415039 0.415039 -260.000000 2000.000000 E
S 426 S 6.713867 1.684570 0.976563 0.781250 0.341797 0.415039 0.415039 0.219727 -260.000000 2000.000000 E
S 427 S 6.323242 1.074219 1.000977 0.854492 0.146484 0.537109 0.439453 0.366211 -260.000000 2000.000000 E
S 428 S 5.932617 1.196289 1.074219 0.488281 0.439453 0.219727 0.366211 0.415039 -260.000000 2000.000000 E
S 429 S 5.712891 1.000977 1.171875 0.537109 0.439453 0.219727 0.292969 0.415039 -260.000000 2000.000000 E
S 430 S 4.980469 0.878906 1.025391 0.463867 0.488281 0.268555 0.390625 0.244141 -260.000000 2000.000000 E
S 431 S 5.566406 0.561523 1.171875 0.659180 0.219727 0.390625 0.488281 0.341797 -260.000000 2000.000000 E
S 432 S 4.980469 0.561523 1.220703 0.415039 0.341797 0.341797 0.292969 0.292969 -260.000000 2000.000000 E
S 433 S 4.785156 0.390625 1.318359 0.463867 0.341797 0.341797 0.390625 0.317383 -260.000000 2000.000000 E
S 434 S 4.736328 0.317383 1.416016 0.537109 0.366211 0.415039 0.415039 0.292969 -260.000000 2000.000000 E
S 435 S 4.516602 0.366211 1.293945 0.585938 0.292969 0.488281 0.341797 0.390625 -260.000000 2000.000000 E
S 436 S 4.248047 0.317383 1.269531 0.585938 0.244141 0.659180 0.341797 0.415039 -260.000000 2000.000000 E
S 437 S 3.906250 0.341797 1.342773 0.292969 0.463867 0.244141 0.439453 0.268555 -260.000000 2000.000000 E
S 438 S 4.101563 0.268555 1.416016 0.463867 0.292969 0.463867 0.537109 0.170898 -260.000000 2000.000000 E
S 439 S 3.881836 0.463867 1.269531 0.488281 0.292969 0.390625 0.415039 0.415039 -260.000000 2000.000000 E
S 440 S 3.784180 0.244141 1.464844 0.512695 0.244141 0.537109 0.488281 0.317383 -260.000000 2000.000000 E
S 441 S 3.686523 0.292969 1.318359 0.463867 0.219727 0.610352 0.366211 0.415039 -260.000000 2000.000000 E
S 442 S 3.051758 0.268555 1.416016 0.292969 0.390625 0.366211 0.537109 0.219727 -260.000000 2000.000000 E
S 443 S 3.247070 0.268555 1.171875 0.366211 0.317383 0.439453 0.463867 0.415039 -260.000000 2000.000000 E
S 444 S 3.222656 0.317383 1.416016 0.317383 0.439453 0.341797 0.585938 0.195313 -260.000000 2000.000000 E
S 445 S 3.173828 0.512695 1.196289 0.244141 0.390625 0.439453 0.390625 0.463867 -260.000000 2000.000000 E
S 446 S 3.198242 0.170898 1.538086 0.585938 0.366211 0.488281 0.537109 0.195313 -260.000000 2000.000000 E
S 447 S 2.929688 0.292969 1.489258 0.195313 0.317383 0.390625 0.537109 0.244141 -260.000000 2000.000000 E
S 448 S 2.832031 0.488281 1.293945 0.268555 0.463867 0.415039 0.390625 0.292969 -260.000000 2000.000000 E
S 449 S 3.076172 0.366211 1.196289 0.463867 0.219727 0.585938 0.585938 0.415039 -260.000000 2000.000000 E
S 450 S 2.856445 0.170898 1.464844 0.268555 0.341797 0.366211 0.463867 0.219727 -260.000000 2000.000000 E
S 451 S 2.832031 0.390625 1.416016 0.317383 0.317383 0.463867 0.610352 0.219727 -260.000000 2000.000000 E
S 452 S 2.905273 0.244141 1.269531 0.488281 0.146484 0.659180 0.488281 0.463867 -260.000000 2000.000000 E
S 453 S 2.685547 0.366211 1.416016 0.390625 0.415039 0.463867 0.439453 0.244141 -260.000000 2000.000000 E
S 454 S 2.758789 0.366211 1.098633 0.390625 0.317383 0.610352 0.537109 0.463867 -260.000000 2000.000000 E
S 455 S 2.539063 0.195313 1.245117 0.488281 0.146484 0.683594 0.463867 0.415039 -260.000000 2000.000000 E
S 456 S 2.319336 0.390625 0.927734 0.366211 0.244141 0.659180 0.561523 0.537109 -260.000000 2000.000000 E
S 457 S 2.246094 0.463867 0.927734 0.195313 0.439453 0.390625 0.537109 0.512695 -260.000000 2000.000000 E
S 458 S 2.246094 0.097656 1.147461 0.488281 0.170898 0.732422 0.585938 0.390625 -260.000000 2000.000000 E
S 459 S 1.831055 0.146484 1.147461 0.463867 0.073242 0.732422 0.561523 0.268555 -260.000000 2000.000000 E
S 460 S 1.684570 0.366211 1.074219 0.170898 0.439453 0.439453 0.537109 0.292969 -260.000000 2000.000000 E
S 461 S 0.439453 0.415039 0.488281 0.195313 0.488281 0.463867 0.512695 0.317383 -260.000000 2000.000000 E
S 462 S 1.025391 0.244141 0.439453 0.415039 0.146484 0.610352 0.439453 0.390625 -260.000000 2000.000000 E
S 463 S 1.074219 0.463867 0.244141 0.341797 0.390625 0.439453 0.610352 0.512695 -260.000000 2000.000000 E
S 464 S 1.123047 0.463867 0.292969 0.317383 0.341797 0.390625 0.463867 0.512695 -260.000000 2000.000000 E
S 465 S 1.074219 0.366211 0.463867 0.195313 0.439453 0.292969 0.512695 0.366211 -260.000000 2000.000000 E
S 466 S 1.391602 0.146484 0.634766 0.463867 0.146484 0.512695 0.439453 0.390625 -260.000000 2000.000000 E
S 467 S 1.074219 0.439453 0.341797 0.268555 0.292969 0.366211 0.463867 0.463867 -260.000000 2000.000000 E
S 468 S 1.123047 0.463867 0.683594 0.195313 0.390625 0.244141 0.512695 0.219727 -260.000000 2000.000000 E
S 469 S 1.220703 0.415039 0.683594 0.292969 0.366211 0.292969 0.585938 0.146484 -260.000000 2000.000000 E
S 470 S 1.147461 0.463867 0.366211 0.195313 0.415039 0.219727 0.439453 0.268555 -260.000000 2000.000000 E
S 471 S 1.147461 0.439453 0.634766 0.219727 0.415039 0.195313 0.415039 0.170898 -260.000000 2000.000000 E
S 472 S 1.025391 0.170898 0.634766 0.341797 0.439453 0.439453 0.390625 0.170898 -260.000000 2000.000000 E
S 473 S 1.391602 0.170898 0.610352 0.512695 0.146484 0.488281 0.415039 0.170898 -260.000000 2000.000000 E
S 474 S 1.342773 0.341797 0.341797 0.488281 0.170898 0.415039 0.415039 0.439453 -260.000000 2000.000000 E
S 475 S 1.074219 0.341797 0.488281 0.366211 0.390625 0.244141 0.488281 0.195313 -260.000000 2000.000000 E
S 476 S 1.147461 0.268555 0.512695 0.390625 0.268555 0.366211 0.561523 0.415039 -260.000000 2000.000000 E
S 477 S 1.000977 0.390625 0.537109 0.317383 0.390625 0.268555 0.463867 0.146484 -260.000000 2000.000000 E
S 478 S 0.927734 0.537109 0.537109 0.244141 0.390625 0.195313 0.585938 0.122070 -260.000000 2000.000000 E
S 479 S 0.854492 0.341797 0.537109 0.268555 0.415039 0.195313 0.366211 0.146484 -260.000000 2000.000000 E
S 480 S 1.049805 0.561523 0.268555 0.195313 0.463867 0.170898 0.415039 0.512695 -260.000000 2000.000000 E
S 481 S 0.854492 0.585938 0.488281 0.219727 0.463867 0.146484 0.415039 0.122070 -260.000000 2000.000000 E
S 482 S 0.854492 0.512695 0.512695 0.219727 0.439453 0.195313 0.439453 0.097656 -260.000000 2000.000000 E
S 483 S 0.830078 0.585938 0.219727 0.195313 0.439453 0.195313 0.488281 0.341797 -260.000000 2000.000000 E
S 484 S 0.830078 0.610352 0.219727 0.244141 0.415039 0.170898 0.463867 0.463867 -260.000000 2000.000000 E
S 485 S 0.976563 0.585938 0.268555 0.341797 0.341797 0.317383 0.463867 0.390625 -260.000000 2000.000000 E
S 486 S 1.025391 0.463867 0.463867 0.488281 0.195313 0.439453 0.488281 0.195313 -260.000000 2000.000000 E
S 487 S 1.025391 0.634766 0.219727 0.317383 0.341797 0.341797 0.415039 0.415039 -260.000000 2000.000000 E
S 488 S 1.416016 0.415039 0.537109 0.537109 0.097656 0.439453 0.415039 0.390625 -260.000000 2000.000000 E
S 489 S 1.367188 0.390625 0.415039 0.512695 0.122070 0.463867 0.415039 0.366211 -260.000000 2000.000000 E
S 490 S 1.171875 0.634766 0.195313 0.170898 0.415039 0.268555 0.585938 0.463867 -260.000000 2000.000000 E
S 491 S 1.147461 0.585938 0.244141 0.219727 0.415039 0.244141 0.415039 0.439453 -260.000000 2000.000000 E
S 492 S 1.098633 0.537109 0.415039 0.268555 0.463867 0.195313 0.439453 0.122070 -260.000000 2000.000000 E
S 493 S 1.025391 0.610352 0.244141 0.219727 0.463867 0.195313 0.463867 0.415039 -260.000000 2000.000000 E
S 494 S 1.318359 0.610352 0.219727 0.390625 0.390625 0.122070 0.390625 0.439453 -260.000000 2000.000000 E
S 495 S 1.098633 0.366211 0.463867 0.366211 0.244141 0.390625 0.439453 0.244141 -260.000000 2000.000000 E
S 496 S 1.489258 0.341797 0.512695 0.390625 0.341797 0.439453 0.439453 0.146484 -260.000000 2000.000000 E
S 497 S 1.245117 0.341797 0.439453 0.512695 0.170898 0.415039 0.488281 0.390625 -260.000000 2000.000000 E
S 498 S 1.245117 0.390625 0.341797 0.537109 0.122070 0.415039 0.366211 0.439453 -260.000000 2000.000000 E
S 499 S 1.220703 0.317383 0.146484 0.512695 0.244141 0.488281 0.390625 0.439453 -260.000000 2000.000000 E
S 500 S 1.293945 0.390625 0.292969 0.512695 0.146484 0.488281 0.390625 0.439453 -260.000000 2000.000000 E
S 501 S 1.293945 0.317383 0.366211 0.537109 0.122070 0.488281 0.317383 0.390625 -260.000000 2000.000000 E
S 502 S 1.293945 0.244141 0.537109 0.512695 0.146484 0.439453 0.439453 0.390625 -260.000000 2000.000000 E
S 503 S 1.245117 0.439453 0.488281 0.439453 0.292969 0.292969 0.390625 0.366211 -260.000000 2000.000000 E
S 504 S 1.171875 0.390625 0.561523 0.415039 0.415039 0.341797 0.390625 0.195313 -260.000000 2000.000000 E
S 505 S 1.220703 0.537109 0.390625 0.317383 0.366211 0.219727 0.341797 0.366211 -260.000000 2000.000000 E
S 506 S 1.196289 0.366211 0.488281 0.292969 0.463867 0.170898 0.390625 0.170898 -260.000000 2000.000000 E
S 507 S 1.171875 0.561523 0.537109 0.219727 0.488281 0.170898 0.439453 0.170898 -260.000000 2000.000000 E
S 508 S 1.367188 0.292969 0.561523 0.537109 0.122070 0.463867 0.366211 0.170898 -260.000000 2000.000000 E
S 509 S 1.269531 0.512695 0.366211 0.317383 0.415039 0.195313 0.537109 0.268555 -260.000000 2000.000000 E
S 510 S 1.171875 0.634766 0.341797 0.219727 0.463867 0.170898 0.439453 0.292969 -260.000000 2000.000000 E
S 511 S 1.220703 0.292969 0.561523 0.317383 0.390625 0.146484 0.390625 0.146484 -260.000000 2000.000000 E
S 512 S 1.391602 0.390625 0.585938 0.390625 0.317383 0.317383 0.415039 0.146484 -260.000000 2000.000000 E
S 513 S 1.489258 0.292969 0.585938 0.561523 0.195313 0.439453 0.512695 0.195313 -260.000000 2000.000000 E
S 514 S 1.538086 0.292969 0.585938 0.561523 0.122070 0.488281 0.512695 0.146484 -260.000000 2000.000000 E
S 515 S 1.293945 0.170898 0.585938 0.219727 0.415039 0.268555 0.439453 0.146484 -260.000000 2000.000000 E
S 516 S 1.269531 0.634766 0.585938 0.268555 0.463867 0.195313 0.415039 0.146484 -260.000000 2000.000000 E
S 517 S 1.538086 0.488281 0.219727 0.463867 0.341797 0.341797 0.317383 0.463867 -260.000000 2000.000000 E
S 518 S 1.269531 0.561523 0.244141 0.244141 0.488281 0.146484 0.366211 0.415039 -260.000000 2000.000000 E
S 519 S 1.293945 0.561523 0.292969 0.244141 0.415039 0.146484 0.463867 0.439453 -260.000000 2000.000000 E
S 520 S 1.269531 0.585938 0.415039 0.244141 0.463867 0.170898 0.463867 0.317383 -260.000000 2000.000000 E
S 521 S 1.342773 0.341797 0.463867 0.292969 0.463867 0.195313 0.415039 0.146484 -260.000000 2000.000000 E
S 522 S 1.464844 0.317383 0.610352 0.439453 0.122070 0.415039 0.415039 0.244141 -260.000000 2000.000000 E
S 523 S 1.489258 0.390625 0.463867 0.463867 0.268555 0.415039 0.488281 0.463867 -260.000000 2000.000000 E
S 524 S 1.269531 0.537109 0.537109 0.317383 0.439453 0.195313 0.463867 0.195313 -260.000000 2000.000000 E
S 525 S 1.538086 0.390625 0.561523 0.561523 0.170898 0.488281 0.488281 0.415039 -260.000000 2000.000000 E
S 526 S 1.318359 0.610352 0.317383 0.219727 0.463867 0.195313 0.341797 0.390625 -260.000000 2000.000000 E
S 527 S 1.416016 0.317383 0.561523 0.463867 0.219727 0.317383 0.512695 0.195313 -260.000000 2000.000000 E
S 528 S 1.318359 0.585938 0.366211 0.390625 0.366211 0.292969 0.512695 0.366211 -260.000000 2000.000000 E
S 529 S 1.342773 0.366211 0.585938 0.488281 0.219727 0.463867 0.415039 0.170898 -260.000000 2000.000000 E
S 530 S 1.342773 0.488281 0.341797 0.439453 0.317383 0.317383 0.341797 0.463867 -260.000000 2000.000000 E
S 531 S 1.147461 0.585938 0.488281 0.244141 0.463867 0.219727 0.415039 0.146484 -260.000000 2000.000000 E
S 532 S 1.098633 0.585938 0.463867 0.268555 0.512695 0.195313 0.439453 0.170898 -260.000000 2000.000000 E
S 533 S 1.367188 0.292969 0.561523 0.585938 0.195313 0.463867 0.366211 0.195313 -260.000000 2000.000000 E
S 534 S 1.196289 0.415039 0.463867 0.341797 0.415039 0.268555 0.439453 0.195313 -260.000000 2000.000000 E
S 535 S 1.245117 0.512695 0.415039 0.366211 0.439453 0.195313 0.561523 0.317383 -260.000000 2000.000000 E
S 536 S 1.391602 0.292969 0.439453 0.561523 0.170898 0.488281 0.341797 0.439453 -260.000000 2000.000000 E
S 537 S 1.391602 0.317383 0.341797 0.585938 0.195313 0.463867 0.488281 0.488281 -260.000000 2000.000000 E
S 538 S 1.025391 0.634766 0.585938 0.244141 0.463867 0.170898 0.439453 0.292969 -260.000000 2000.000000 E
S 539 S 1.318359 0.366211 0.488281 0.561523 0.195313 0.463867 0.415039 0.463867 -260.000000 2000.000000 E
S 540 S 1.293945 0.366211 0.366211 0.561523 0.097656 0.463867 0.439453 0.463867 -260.000000 2000.000000 E
S 541 S 1.074219 0.659180 0.219727 0.268555 0.439453 0.244141 0.561523 0.439453 -260.000000 2000.000000 E
S 542 S 1.269531 0.439453 0.341797 0.488281 0.170898 0.561523 0.415039 0.415039 -260.000000 2000.000000 E
S 543 S 1.147461 0.390625 0.512695 0.415039 0.366211 0.195313 0.463867 0.195313 -260.000000 2000.000000 E
S 544 S 1.269531 0.415039 0.366211 0.439453 0.341797 0.415039 0.439453 0.366211 -260.000000 2000.000000 E
S 545 S 0.976563 0.585938 0.537109 0.292969 0.439453 0.244141 0.341797 0.195313 -260.000000 2000.000000 E
S 546 S 1.196289 0.537109 0.195313 0.561523 0.317383 0.415039 0.390625 0.488281 -260.000000 2000.000000 E
S 547 S 1.123047 0.439453 0.537109 0.488281 0.341797 0.341797 0.366211 0.195313 -260.000000 2000.000000 E
S 548 S 1.196289 0.463867 0.463867 0.488281 0.292969 0.415039 0.537109 0.170898 -260.000000 2000.000000 E
S 549 S 1.220703 0.659180 0.341797 0.415039 0.317383 0.317383 0.488281 0.439453 -260.000000 2000.000000 E
S 550 S 1.245117 0.537109 0.292969 0.463867 0.390625 0.390625 0.439453 0.317383 -260.000000 2000.000000 E
S 551 S 1.147461 0.634766 0.317383 0.415039 0.390625 0.341797 0.415039 0.390625 -260.000000 2000.000000 E
S 552 S 1.074219 0.732422 0.366211 0.317383 0.439453 0.268555 0.390625 0.366211 -260.000000 2000.000000 E
S 553 S 1.245117 0.512695 0.366211 0.512695 0.292969 0.439453 0.488281 0.415039 -260.000000 2000.000000 E
S 554 S 1.025391 0.732422 0.170898 0.292969 0.463867 0.195313 0.366211 0.463867 -260.000000 2000.000000 E
S 555 S 1.269531 0.488281 0.488281 0.610352 0.268555 0.390625 0.488281 0.219727 -260.000000 2000.000000 E
S 556 S 1.196289 0.659180 0.170898 0.561523 0.219727 0.366211 0.463867 0.488281 -260.000000 2000.000000 E
S 557 S 1.220703 0.463867 0.463867 0.610352 0.170898 0.561523 0.390625 0.292969 -260.000000 2000.000000 E
S 558 S 1.440430 0.659180 0.195313 0.610352 0.219727 0.488281 0.341797 0.512695 -260.000000 2000.000000 E
S 559 S 1.391602 0.463867 0.512695 0.585938 0.195313 0.512695 0.488281 0.195313 -260.000000 2000.000000 E
S 560 S 1.391602 0.488281 0.439453 0.610352 0.170898 0.512695 0.415039 0.390625 -260.000000 2000.000000 E
S 561 S 1.391602 0.488281 0.292969 0.561523 0.146484 0.439453 0.488281 0.512695 -260.000000 2000.000000 E
S 562 S 1.440430 0.488281 0.463867 0.610352 0.195313 0.512695 0.512695 0.390625 -260.000000 2000.000000 E
S 563 S 1.391602 0.512695 0.512695 0.537109 0.268555 0.463867 0.463867 0.219727 -260.000000 2000.000000 E
S 564 S 1.367188 0.537109 0.488281 0.512695 0.244141 0.512695 0.390625 0.341797 -260.000000 2000.000000 E
S 565 S 1.269531 0.805664 0.268555 0.366211 0.463867 0.268555 0.317383 0.390625 -260.000000 2000.000000 E
S 566 S 1.367188 0.585938 0.341797 0.634766 0.317383 0.317383 0.317383 0.463867 -260.000000 2000.000000 E
S 567 S 1.196289 0.683594 0.537109 0.317383 0.439453 0.244141 0.439453 0.195313 -260.000000 2000.000000 E
S 568 S 1.489258 0.488281 0.512695 0.634766 0.170898 0.561523 0.415039 0.268555 -260.000000 2000.000000 E
S 569 S 1.513672 0.512695 0.366211 0.634766 0.170898 0.537109 0.415039 0.537109 -260.000000 2000.000000 E
S 570 S 1.293945 0.805664 0.341797 0.415039 0.439453 0.366211 0.390625 0.341797 -260.000000 2000.000000 E
S 571 S 1.513672 0.488281 0.463867 0.585938 0.170898 0.537109 0.463867 0.463867 -260.000000 2000.000000 E
S 572 S 1.489258 0.537109 0.292969 0.610352 0.219727 0.512695 0.366211 0.366211 -260.000000 2000.000000 E
S 573 S 1.440430 0.708008 0.219727 0.268555 0.488281 0.292969 0.317383 0.488281 -260.000000 2000.000000 E
S 574 S 1.464844 0.415039 0.537109 0.585938 0.317383 0.512695 0.415039 0.195313 -260.000000 2000.000000 E
S 575 S 1.440430 0.488281 0.390625 0.634766 0.195313 0.537109 0.341797 0.415039 -260.000000 2000.000000 E
S 576 S 1.513672 0.781250 0.195313 0.585938 0.146484 0.463867 0.366211 0.537109 -260.000000 2000.000000 E
S 577 S 1.220703 0.659180 0.415039 0.488281 0.463867 0.488281 0.415039 0.195313 -260.000000 2000.000000 E
S 578 S 1.269531 0.805664 0.244141 0.463867 0.463867 0.244141 0.415039 0.561523 -260.000000 2000.000000 E
S 579 S 1.196289 0.805664 0.292969 0.317383 0.512695 0.244141 0.366211 0.317383 -260.000000 2000.000000 E
