S 0 S 33.276370 0.463867 36.450200 34.350590 36.083980 33.691410 0.585938 36.279300 17.089850 2000.000000 E
S 1 S 46.508790 0.463867 47.802730 38.232420 36.108400 33.593750 0.585938 35.742190 -83.657790 2000.000000 E
S 2 S 51.000980 1.074219 53.662110 39.208980 39.282230 35.693360 0.781250 40.625000 -58.324870 2000.000000 E
S 3 S 51.440430 1.318359 54.003910 39.379880 39.941410 36.230470 0.854492 41.308590 -58.101300 2000.000000 E
S 4 S 52.270510 1.977539 55.200200 39.501950 40.234380 36.376950 0.781250 42.041020 -58.101300 2000.000000 E
S 5 S 53.051760 2.221680 56.030270 39.770510 41.357420 37.451170 0.927734 43.676760 -54.098750 2000.000000 E
S 6 S 53.979490 2.832031 57.006840 39.892580 41.992190 37.817380 1.098633 44.555660 -51.748260 2000.000000 E
S 7 S 54.614260 3.466797 58.032230 40.112300 42.626950 38.452150 1.147461 45.874020 -45.381550 2000.000000 E
S 8 S 55.371090 3.881836 58.740230 40.112300 42.968750 38.769530 1.196289 46.533200 -45.381550 2000.000000 E
S 9 S 56.494140 4.589844 60.375980 40.283200 43.676760 39.135740 1.391602 47.924800 -38.154430 2000.000000 E
S 10 S 58.032230 5.883789 61.938480 40.185550 44.116210 39.404300 1.635742 49.072270 -28.264510 2000.000000 E
S 11 S 60.400390 7.397461 64.526370 40.747070 45.410160 40.576170 1.928711 51.416020 -14.163850 2000.000000 E
S 12 S 61.621090 8.374023 66.064450 41.088870 45.971680 41.210940 2.050781 52.539060 -11.365230 2000.000000 E
S 13 S 63.037110 9.521484 67.529300 41.259770 46.533200 41.699220 2.172852 53.686520 -11.365230 2000.000000 E
S 14 S 64.550780 10.302730 69.140630 41.674800 47.290040 42.114260 2.661133 54.785160 -5.095953 2000.000000 E
S 15 S 67.089840 12.084960 72.241210 42.309570 48.217770 42.602540 3.198242 56.811520 -0.077758 2000.000000 E
S 16 S 69.165040 13.525390 74.414060 42.724610 48.901370 43.164060 3.491211 58.178710 -0.077758 2000.000000 E
S 17 S 70.581050 14.355470 75.952150 43.212890 49.609380 43.701170 3.735352 59.350590 3.104076 2000.000000 E
S 18 S 72.802730 15.942380 78.588870 43.676760 50.268550 44.140630 3.881836 60.375980 8.638024 2000.000000 E
S 19 S 75.952150 17.773440 82.153320 45.117190 51.660160 45.068360 4.614258 62.792970 12.158820 2000.000000 E
S 20 S 78.125000 19.458010 84.667970 45.751950 52.148440 45.654300 4.882813 63.867190 12.158820 2000.000000 E
S 21 S 80.224610 20.629880 87.207030 46.557620 53.027340 46.118160 5.346680 65.136720 19.254770 2000.000000 E
S 22 S 82.543950 22.290040 90.722660 47.656250 54.052730 46.704100 5.932617 66.577150 32.758490 2000.000000 E
S 23 S 84.765630 23.291020 93.164060 48.901370 55.517580 47.924800 6.445313 68.627930 32.758490 2000.000000 E
S 24 S 87.182620 25.390630 97.509770 50.439450 56.982420 48.583980 7.153320 70.556640 45.378590 2000.000000 E
S 25 S 88.598630 26.367190 99.536130 51.586910 58.227540 49.609380 7.568359 72.436520 63.071240 2000.000000 E
S 26 S 90.039060 27.539060 99.975590 52.807620 59.570310 50.585940 8.349609 74.316410 59.502780 2000.000000 E
S 27 S 91.455080 28.125000 99.975590 53.759770 60.375980 50.756840 8.520508 75.000000 59.502780 2000.000000 E
S 28 S 91.186520 28.466800 99.975590 54.541020 61.254880 51.098630 9.179688 76.245120 52.683050 2000.000000 E
S 29 S 91.625980 28.906250 99.975590 56.250000 63.232420 52.539060 9.985352 78.808590 58.452730 2000.000000 E
S 30 S 92.016600 29.077150 99.975590 57.373050 64.501950 53.344730 10.327150 80.175780 58.452730 2000.000000 E
S 31 S 91.748050 29.052730 99.975590 58.349610 65.649410 54.223630 10.595700 81.323240 52.048450 2000.000000 E
S 32 S 91.796880 28.417970 99.975590 59.619140 67.431640 55.566410 10.913090 82.983400 45.560190 2000.000000 E
S 33 S 90.942380 27.392580 99.975590 61.303710 69.482420 57.177730 11.230470 84.838870 32.370070 2000.000000 E
S 34 S 90.600590 26.928710 99.975590 62.402340 70.874020 58.398440 11.279300 86.132810 32.370070 2000.000000 E
S 35 S 89.746090 25.878910 99.975590 63.476560 72.241210 59.643550 11.157230 87.207030 27.478290 2000.000000 E
S 36 S 89.233400 24.755860 99.975590 64.599610 73.999020 61.083980 11.157230 88.623050 27.478290 2000.000000 E
S 37 S 87.988280 23.461910 99.975590 65.283200 74.975590 62.231450 11.059570 89.404300 22.661550 2000.000000 E
S 38 S 68.994140 6.811523 80.737300 67.602540 91.015630 85.546880 6.958008 99.975590 -260.000000 2000.000000 E
S 39 S 35.351560 2.124023 41.918950 42.456050 83.325200 95.703130 8.544922 99.975590 143.499700 2000.000000 E
S 40 S 32.031250 1.928711 38.061520 39.233400 80.004880 93.872070 8.520508 99.975590 159.790800 2000.000000 E
S 41 S 28.686520 1.562500 34.106450 36.059570 76.635740 91.455080 8.496094 99.975590 159.790800 2000.000000 E
S 42 S 23.706050 1.635742 29.028320 30.908200 70.654300 86.694340 8.666992 99.975590 179.779800 2000.000000 E
S 43 S 20.874020 1.464844 25.537110 28.247070 67.382810 83.837890 8.496094 99.975590 218.099800 2000.000000 E
S 44 S 19.042970 1.293945 23.706050 26.098630 64.086910 80.615230 8.178711 99.975590 218.099800 2000.000000 E
S 45 S 17.163090 1.171875 21.264650 24.072270 61.108400 77.539060 7.666016 99.975590 227.541700 2000.000000 E
S 46 S 15.966800 1.074219 19.628910 22.705080 58.496090 75.000000 7.006836 99.975590 220.083000 2000.000000 E
S 47 S 14.257810 0.830078 17.309570 20.996090 55.371090 71.826170 5.908203 99.975590 215.286300 2000.000000 E
S 48 S 13.452150 0.659180 16.064450 20.239260 54.101560 70.922850 5.126953 99.975590 215.286300 2000.000000 E
S 49 S 13.037110 0.585938 15.649410 19.873050 53.369140 70.361330 4.345703 99.975590 223.549900 2000.000000 E
S 50 S 12.646480 0.463867 14.941410 19.628910 52.832030 70.190430 3.710938 99.975590 223.549900 2000.000000 E
S 51 S 12.524410 0.488281 14.746090 19.604490 52.758790 70.849610 3.125000 99.975590 227.756900 2000.000000 E
S 52 S 13.110350 0.366211 14.697270 20.581050 53.759770 74.072270 1.538086 99.975590 183.737200 2000.000000 E
S 53 S 13.574220 0.390625 14.697270 21.215820 54.736330 75.927730 1.049805 99.975590 183.737200 2000.000000 E
S 54 S 14.013670 0.366211 14.965820 22.265630 56.274410 78.247070 0.854492 99.975590 169.532200 2000.000000 E
S 55 S 15.063480 0.390625 15.869140 23.535160 57.910160 80.957030 0.585938 99.975590 169.532200 2000.000000 E
S 56 S 16.723630 0.512695 16.967770 26.049800 61.157230 85.839840 0.463867 99.975590 139.047500 2000.000000 E
S 57 S 18.164060 0.708008 17.456050 27.929690 63.232420 88.989260 0.537109 99.975590 98.015430 2000.000000 E
S 58 S 19.677730 1.000977 18.750000 29.858400 64.941410 91.259770 0.683594 99.975590 58.973680 2000.000000 E
S 59 S 21.630860 1.318359 20.092770 31.982420 66.821290 93.530270 1.098633 99.975590 58.973680 2000.000000 E
S 60 S 23.706050 1.806641 21.264650 34.033200 68.237300 95.532230 1.733398 99.975590 34.751010 2000.000000 E
S 61 S 27.172850 2.441406 23.706050 37.329100 70.214840 97.656250 2.514648 99.975590 19.705610 2000.000000 E
S 62 S 28.906250 3.393555 24.633790 39.135740 71.118160 98.437500 3.125000 99.975590 19.705610 2000.000000 E
S 63 S 31.103520 4.321289 26.269530 40.917970 71.630860 98.608400 3.662109 99.975590 -7.706949 2000.000000 E
S 64 S 32.836910 5.078125 26.879880 42.358400 71.728520 98.779300 4.028320 99.975590 -18.061670 2000.000000 E
S 65 S 34.667970 6.079102 27.734380 43.920900 72.143550 98.730470 4.296875 99.975590 -18.061670 2000.000000 E
S 66 S 37.475590 7.397461 29.223630 45.703130 71.606450 97.534180 4.516602 99.975590 -15.053940 2000.000000 E
S 67 S 39.550780 8.007813 30.541990 46.923830 71.337890 96.752930 4.663086 99.975590 -11.625270 2000.000000 E
S 68 S 41.430660 8.398438 31.665040 47.753910 70.751950 95.874020 4.687500 99.975590 -11.625270 2000.000000 E
S 69 S 42.602540 9.277344 32.006840 48.315430 69.946290 94.238280 4.516602 99.975590 -9.473840 2000.000000 E
S 70 S 44.311520 10.156250 32.495120 48.681640 68.408200 91.796880 4.248047 99.975590 -13.320860 2000.000000 E
S 71 S 46.093750 10.766600 33.642580 49.072270 67.553710 90.087890 4.003906 99.975590 -13.320860 2000.000000 E
S 72 S 47.192380 10.937500 34.130860 49.365230 66.625980 88.745120 3.710938 99.975590 -12.396690 2000.000000 E
S 73 S 48.364260 11.694340 34.667970 49.682620 65.966800 87.622070 3.588867 99.975590 -18.098280 2000.000000 E
S 74 S 50.830080 12.548830 35.473630 49.804690 63.769530 84.375000 3.125000 99.975590 -23.591120 2000.000000 E
S 75 S 64.038090 16.430660 38.940430 45.092770 49.438480 64.990230 1.049805 91.186520 -14.596530 2000.000000 E
S 76 S 64.013670 17.626950 33.032230 35.375980 38.012700 51.318360 0.585938 77.734380 8.559980 2000.000000 E
S 77 S 63.183590 17.749020 31.323240 33.984380 36.889650 50.122070 0.488281 76.611330 8.559980 2000.000000 E
S 78 S 62.011720 17.651370 30.273440 32.568360 35.620120 48.730470 0.561523 75.219730 24.085040 2000.000000 E
S 79 S 60.668950 17.871090 28.979490 31.323240 34.570310 47.607420 0.512695 74.169920 24.085040 2000.000000 E
S 80 S 58.007810 17.822270 26.293950 29.150390 32.763670 45.751950 0.561523 72.070310 53.300380 2000.000000 E
S 81 S 56.079100 18.481450 24.682620 27.758790 31.884770 45.141600 0.488281 71.215820 101.132500 2000.000000 E
S 82 S 54.272460 17.993160 23.095700 26.464840 30.712890 43.481450 0.610352 69.360350 118.557200 2000.000000 E
S 83 S 51.904300 18.286130 21.264650 25.170900 29.711910 42.529300 0.659180 68.286130 118.557200 2000.000000 E
S 84 S 48.144530 17.602540 19.189450 22.900390 27.929690 40.454100 0.415039 66.308590 151.523400 2000.000000 E
S 85 S 45.239260 17.578130 17.309570 21.435550 27.001950 39.721680 0.537109 65.380860 172.755100 2000.000000 E
S 86 S 42.163090 17.016600 15.429690 20.068360 26.025390 38.867190 0.512695 64.501950 172.755100 2000.000000 E
S 87 S 38.745120 16.748050 13.989260 18.603520 25.439450 38.305660 0.366211 64.086910 205.079200 2000.000000 E
S 88 S 34.790040 16.503910 11.767580 17.382810 24.951170 38.378910 0.463867 64.306640 225.550700 2000.000000 E
S 89 S 28.808590 14.501950 9.692383 15.307620 24.145510 38.427730 0.415039 64.404300 242.042300 2000.000000 E
S 90 S 24.951170 13.208010 8.569336 14.331050 24.243160 38.745120 0.561523 64.624020 242.042300 2000.000000 E
S 91 S 21.411130 12.109380 7.836914 13.598630 24.511720 39.794920 0.610352 65.502930 253.639900 2000.000000 E
S 92 S 18.408200 10.156250 6.811523 12.670900 24.487300 40.673830 0.732422 66.259770 253.639900 2000.000000 E
S 93 S 14.135740 7.568359 5.859375 11.914060 25.390630 42.822270 0.927734 68.237300 260.000000 2000.000000 E
S 94 S 11.499020 5.639648 5.468750 11.743160 27.172850 46.411130 1.464844 70.971680 237.375700 2000.000000 E
S 95 S 10.937500 4.516602 5.859375 12.158200 28.393550 48.632810 1.684570 72.045900 237.375700 2000.000000 E
S 96 S 10.546880 3.491211 5.981445 12.768550 29.809570 50.805660 2.221680 73.022460 165.284900 2000.000000 E
S 97 S 10.644530 3.002930 6.689453 13.647460 31.396480 53.198240 2.807617 73.095700 165.284900 2000.000000 E
S 98 S 11.499020 2.905273 7.617188 15.747070 34.326170 57.299800 4.443359 72.851560 103.886900 2000.000000 E
S 99 S 12.597660 2.880859 8.691406 17.382810 36.010740 59.277340 5.346680 71.752930 44.418410 2000.000000 E
S 100 S 13.964840 3.125000 9.521484 19.116210 37.500000 60.766600 6.323242 70.190430 -10.442910 2000.000000 E
S 101 S 15.820310 3.295898 10.888670 20.996090 38.769530 61.718750 7.348633 68.017580 -10.442910 2000.000000 E
S 102 S 17.651370 3.784180 11.962890 23.144530 39.892580 62.329100 8.032227 65.551760 -107.770300 2000.000000 E
S 103 S 21.655270 5.200195 14.160160 26.806640 40.844730 61.743160 8.984375 60.595700 -179.392000 2000.000000 E
S 104 S 24.389650 6.420898 15.429690 28.710940 40.283200 59.472660 9.130859 56.372070 -179.392000 2000.000000 E
S 105 S 26.904300 7.568359 16.357420 30.224610 39.575200 57.543950 8.935547 53.076170 -224.952200 2000.000000 E
S 106 S 29.467770 9.252930 17.187500 31.860350 38.696290 55.224610 8.666992 49.658200 -251.109200 2000.000000 E
S 107 S 32.080080 10.717770 18.408200 33.154300 37.353520 52.709960 8.300781 46.240230 -251.109200 2000.000000 E
S 108 S 35.693360 12.866210 19.409180 34.204100 34.912110 48.437500 7.495117 41.455080 -239.529800 2000.000000 E
S 109 S 37.524410 14.111330 20.019530 34.521480 33.496090 45.996090 6.982422 38.916020 -260.000000 2000.000000 E
S 110 S 39.306640 14.672850 20.971680 34.472660 32.080080 43.481450 6.347656 36.523440 -260.000000 2000.000000 E
S 111 S 41.284180 15.942380 21.557620 34.765630 30.541990 40.576170 5.468750 34.033200 -260.000000 2000.000000 E
S 112 S 41.137700 9.399414 28.198240 36.547850 33.300780 38.549800 2.294922 33.666990 -201.354900 2000.000000 E
S 113 S 28.320310 3.320313 23.046880 31.616210 41.552730 47.973630 1.074219 48.095700 -61.341840 2000.000000 E
S 114 S 26.562500 3.222656 20.971680 30.859380 42.285160 49.682620 1.000977 50.366210 -87.048930 2000.000000 E
S 115 S 25.830080 3.076172 20.361330 30.078130 42.407230 50.390630 1.074219 51.489260 -87.048930 2000.000000 E
S 116 S 25.146480 3.637695 19.091800 29.370120 42.382810 51.293950 1.220703 52.563480 -101.753700 2000.000000 E
S 117 S 24.633790 4.028320 17.553710 28.222660 41.625980 51.513670 1.416016 53.076170 -140.197300 2000.000000 E
S 118 S 24.267580 4.199219 16.381840 27.832030 41.625980 52.221680 1.635742 53.588870 -191.134100 2000.000000 E
S 119 S 23.583980 5.126953 15.258790 27.636720 41.650390 53.295900 1.904297 54.052730 -191.134100 2000.000000 E
S 120 S 23.779300 5.590820 14.453130 27.270510 41.186520 53.588870 2.246094 54.125980 -219.205700 2000.000000 E
S 121 S 23.217770 7.470703 12.402340 26.977540 40.844730 55.102540 3.222656 54.565430 -233.460900 2000.000000 E
S 122 S 23.144530 8.178711 11.425780 26.708980 40.576170 56.030270 3.930664 55.004880 -245.489300 2000.000000 E
S 123 S 22.900390 8.813477 10.595700 26.318360 40.136720 56.909180 4.687500 55.297850 -245.489300 2000.000000 E
S 124 S 22.851560 9.155273 9.790039 26.000980 39.648440 57.812500 5.615234 55.566410 -249.231400 2000.000000 E
S 125 S 22.973630 10.449220 9.301758 25.952150 39.501950 58.789060 6.542969 56.054690 -249.231400 2000.000000 E
S 126 S 22.631840 10.937500 8.837891 25.439450 38.476560 59.545900 8.300781 56.274410 -260.000000 2000.000000 E
S 127 S 22.314450 11.254880 8.300781 25.244140 38.159180 60.571290 9.472656 57.031250 -226.050700 2000.000000 E
S 128 S 22.192380 11.328130 8.007813 25.170900 38.159180 61.450200 10.498050 57.519530 -220.092200 2000.000000 E
S 129 S 21.948240 10.913090 8.227539 25.024410 37.866210 62.084960 11.499020 58.032230 -220.092200 2000.000000 E
S 130 S 21.459960 10.595700 8.129883 24.951170 38.134770 63.598630 13.085940 59.082030 -180.396600 2000.000000 E
S 131 S 21.435550 10.522460 8.447266 24.877930 38.085940 64.038090 13.867190 59.399410 -152.395500 2000.000000 E
S 132 S 21.044920 10.400390 8.618164 25.024410 38.256840 64.379880 14.160160 59.960940 -152.395500 2000.000000 E
S 133 S 20.898440 9.814453 8.789063 25.024410 38.500980 64.233400 14.257810 59.985350 -120.951800 2000.000000 E
S 134 S 20.410160 8.813477 9.375000 24.951170 38.818360 64.428710 14.135740 60.766600 -114.100600 2000.000000 E
S 135 S 19.848630 8.447266 10.107420 25.024410 39.599610 65.136720 13.916020 62.011720 -76.123910 2000.000000 E
S 136 S 19.946290 7.543945 10.205080 24.902340 39.575200 64.526370 13.378910 61.718750 -67.834720 2000.000000 E
S 137 S 19.653320 7.446289 10.546880 25.048830 39.892580 64.208980 12.939450 61.669920 -67.834720 2000.000000 E
S 138 S 19.506840 7.348633 10.400390 25.024410 40.087890 64.086910 12.622070 61.889650 -72.409490 2000.000000 E
S 139 S 19.897460 6.909180 10.961910 25.366210 40.478520 63.769530 12.036130 61.474610 -74.688140 2000.000000 E
S 140 S 20.141600 7.031250 11.328130 25.756840 40.673830 63.525390 11.499020 61.352540 -117.950200 2000.000000 E
S 141 S 20.288090 7.226563 11.230470 25.927730 40.551760 62.890630 11.254880 60.375980 -117.950200 2000.000000 E
S 142 S 21.142580 6.909180 11.816410 26.342770 40.649410 62.377930 11.010740 59.936520 -142.272100 2000.000000 E
S 143 S 21.044920 7.763672 11.914060 26.733400 40.722660 61.840820 10.644530 59.008790 -142.272100 2000.000000 E
S 144 S 22.167970 7.788086 12.329100 27.319340 41.064450 61.425780 10.278320 58.081050 -170.415100 2000.000000 E
S 145 S 22.167970 8.496094 12.280270 27.783200 41.088870 61.035160 9.985352 57.592770 -213.189000 2000.000000 E
S 146 S 22.802730 8.618164 12.622070 28.027340 41.015630 60.473630 9.741211 56.884770 -225.741800 2000.000000 E
S 147 S 23.095700 8.618164 12.548830 28.076170 40.747070 59.497070 9.301758 55.786130 -225.741800 2000.000000 E
S 148 S 22.753910 9.912109 11.621090 28.100590 40.356450 58.984380 9.106445 55.102540 -230.341800 2000.000000 E
S 149 S 20.483400 11.596680 7.714844 24.438480 38.208010 62.353520 10.742190 59.887700 -117.446800 2000.000000 E
S 150 S 26.220700 10.302730 14.062500 28.247070 36.425780 58.740230 13.159180 53.930660 -72.457200 2000.000000 E
S 151 S 27.709960 9.521484 15.380860 29.199220 36.425780 57.153320 12.451170 52.343750 -72.457200 2000.000000 E
S 152 S 28.808590 9.301758 16.894530 30.322270 36.523440 55.859380 11.450200 51.440430 -67.443620 2000.000000 E
S 153 S 31.201170 8.032227 20.483400 31.347660 35.546880 51.953130 9.375000 48.315430 -48.845070 2000.000000 E
S 154 S 32.739260 7.397461 22.827150 32.153320 35.058590 49.194340 7.714844 46.411130 3.204910 2000.000000 E
S 155 S 34.155270 6.201172 25.903320 32.812500 34.570310 46.557620 6.298828 44.604490 3.204910 2000.000000 E
S 156 S 35.961910 5.371094 28.906250 33.862300 34.570310 44.604490 5.029297 43.505860 26.670970 2000.000000 E
S 157 S 37.500000 4.345703 32.177730 34.790040 34.521480 42.382810 3.833008 42.260740 26.670970 2000.000000 E
S 158 S 39.770510 2.246094 37.207030 36.035160 34.423830 38.891600 1.953125 40.478520 50.598180 2000.000000 E
S 159 S 40.917970 1.318359 40.600590 36.328130 34.130860 36.254880 1.196289 39.135740 82.340700 2000.000000 E
S 160 S 41.552730 0.732422 43.359380 36.425780 34.008790 34.106450 0.756836 38.330080 95.319160 2000.000000 E
S 161 S 41.625980 0.585938 45.239260 36.645510 34.301760 32.373050 0.439453 38.037110 95.319160 2000.000000 E
S 162 S 42.285160 0.781250 48.999020 36.889650 34.863280 29.980470 0.683594 37.524410 110.654700 2000.000000 E
S 163 S 42.236330 1.220703 50.561520 36.718750 35.205080 28.759770 1.123047 37.451170 115.481400 2000.000000 E
S 164 S 42.016600 1.977539 51.318360 36.694340 35.620120 27.783200 1.904297 37.377930 115.481400 2000.000000 E
S 165 S 41.943360 2.856445 52.099610 36.547850 36.157230 27.490230 2.929688 37.866210 111.272800 2000.000000 E
S 166 S 42.114260 3.759766 52.954100 36.572270 36.621090 26.904300 3.759766 37.500000 91.771370 2000.000000 E
S 167 S 41.723630 4.882813 53.222660 36.425780 37.500000 26.953130 4.980469 38.012700 47.513340 2000.000000 E
S 168 S 41.796880 5.249023 53.417970 36.450200 38.037110 27.490230 5.371094 38.623050 47.513340 2000.000000 E
S 169 S 42.163090 5.395508 53.173830 36.743160 38.598630 27.880860 5.737305 38.916020 44.985080 2000.000000 E
S 170 S 42.358400 5.322266 53.149410 37.011720 39.013670 28.320310 5.688477 38.916020 21.252860 2000.000000 E
S 171 S 42.602540 5.126953 53.125000 37.402340 39.331050 28.710940 5.566406 38.964840 21.252860 2000.000000 E
S 172 S 43.603520 4.809570 53.393550 38.037110 39.599610 29.589840 5.029297 39.062500 3.687393 2000.000000 E
S 173 S 44.213870 4.663086 53.466800 38.330080 39.599610 29.760740 4.760742 38.745120 -2.963898 2000.000000 E
S 174 S 44.018550 4.370117 52.832030 38.330080 39.575200 30.126950 4.370117 38.964840 -6.922778 2000.000000 E
S 175 S 44.482420 3.686523 52.319340 38.574220 39.819340 30.761720 3.857422 39.111330 -2.037742 2000.000000 E
S 176 S 44.995120 3.515625 52.270510 39.257810 40.429690 31.884770 3.515625 39.624020 -3.691212 2000.000000 E
S 177 S 46.020510 3.393555 52.978520 39.819340 40.820310 32.519530 3.149414 39.892580 -3.691212 2000.000000 E
S 178 S 45.581050 3.222656 52.294920 39.746090 41.088870 33.056640 2.856445 40.283200 -3.082508 2000.000000 E
S 179 S 45.776370 2.978516 51.782230 39.746090 41.015630 33.618160 2.685547 40.405270 -1.968369 2000.000000 E
S 180 S 45.556640 2.758789 51.147460 39.599610 41.113280 34.155270 2.392578 40.893550 -1.968369 2000.000000 E
S 181 S 45.654300 2.392578 50.659180 40.039060 41.796880 35.302730 2.050781 41.650390 -4.476537 2000.000000 E
S 182 S 46.289060 2.343750 50.952150 40.502930 42.309570 35.961910 1.782227 41.918950 -2.306885 2000.000000 E
S 183 S 45.971680 2.099609 50.292970 40.747070 42.773440 36.865230 1.684570 42.700200 -2.306885 2000.000000 E
S 184 S 46.118160 1.904297 49.780270 41.137700 43.286130 38.110350 1.391602 43.432620 -1.569122 2000.000000 E
S 185 S 46.386720 1.635742 49.340820 41.040040 43.457030 38.500980 1.196289 43.725590 -4.251655 2000.000000 E
S 186 S 45.825200 0.756836 41.967770 42.285160 47.045900 48.022460 0.512695 49.365230 -0.910226 2000.000000 E
S 187 S 44.750980 8.569336 30.053710 43.432620 49.438480 60.620120 6.518555 53.833010 -10.274590 2000.000000 E
S 188 S 44.897460 10.449220 28.417970 43.676760 49.804690 62.792970 8.105469 54.467770 -10.274590 2000.000000 E
S 189 S 44.238280 12.573240 26.171880 43.798830 50.122070 64.794920 10.302730 54.956050 -13.861590 2000.000000 E
S 190 S 44.458010 16.943360 23.022460 44.287110 50.439450 68.798830 14.208980 55.786130 -12.645270 2000.000000 E
S 191 S 43.505860 20.068360 20.068360 44.091800 50.195310 71.337890 17.016600 56.347660 -12.645270 2000.000000 E
S 192 S 43.457030 23.510740 17.724610 44.189450 50.244140 73.950200 20.141600 56.689450 -20.389820 2000.000000 E
S 193 S 42.919920 27.270510 15.258790 44.384770 50.341800 76.977540 23.779300 57.275390 -11.830320 2000.000000 E
S 194 S 42.602540 31.689450 12.988280 44.677730 50.268550 80.322270 27.563480 58.032230 -11.830320 2000.000000 E
S 195 S 42.016600 39.746090 9.936523 45.288090 50.488280 86.694340 34.960940 59.301760 -5.457719 2000.000000 E
S 196 S 41.259770 45.312500 8.862305 45.727540 50.390630 90.722660 39.746090 60.083010 -2.588125 2000.000000 E
S 197 S 40.454100 50.781250 8.715820 45.727540 50.317380 94.580080 44.775390 60.986330 -2.588125 2000.000000 E
S 198 S 39.892580 56.542970 9.570313 45.727540 49.804690 97.973630 49.438480 61.767580 -4.265791 2000.000000 E
S 199 S 38.525390 65.014650 12.182620 45.605470 48.974610 99.975590 56.567380 63.330080 -3.846502 2000.000000 E
S 200 S 37.768550 69.018550 13.720700 45.605470 48.510740 99.975590 60.278320 64.184570 -4.874383 2000.000000 E
S 201 S 37.548830 72.167970 14.575200 45.703130 48.095700 99.975590 62.988280 64.599610 -4.874383 2000.000000 E
S 202 S 37.182620 73.413090 14.501950 45.874020 47.778320 99.975590 64.453130 65.307620 -3.802174 2000.000000 E
S 203 S 37.426760 72.802730 13.769530 46.069340 47.485350 99.975590 63.964840 65.454100 -3.802174 2000.000000 E
S 204 S 38.012700 67.846680 11.743160 45.751950 46.337890 99.047850 59.106450 64.086910 -2.315010 2000.000000 E
S 205 S 38.452150 62.426760 11.108400 45.458980 45.654300 95.336910 54.467770 63.989260 -9.387458 2000.000000 E
S 206 S 39.111330 57.299800 11.230470 45.043950 44.799800 89.721680 48.999020 61.938480 -13.112930 2000.000000 E
S 207 S 39.990230 51.708980 12.622070 44.848630 44.604490 85.913090 43.823240 61.718750 -13.112930 2000.000000 E
S 208 S 41.015630 46.118160 14.990230 45.068360 44.531250 81.323240 38.232420 60.693360 -1.897448 2000.000000 E
S 209 S 42.895510 33.398440 22.387700 45.166020 44.946290 73.217770 26.196290 60.034180 -1.216009 2000.000000 E
S 210 S 43.359380 28.515630 25.244140 44.873050 44.848630 68.994140 21.533200 58.496090 5.348294 2000.000000 E
S 211 S 43.603520 24.072270 27.929690 44.531250 44.970700 66.235350 17.114260 58.740230 5.348294 2000.000000 E
S 212 S 43.774410 20.385740 30.224610 44.140630 44.946290 63.476560 13.598630 58.081050 15.095920 2000.000000 E
S 213 S 43.969730 15.014650 33.544920 43.554690 45.263670 60.205080 9.130859 57.861330 22.197410 2000.000000 E
S 214 S 43.994140 12.500000 35.327150 43.554690 45.532230 59.057620 7.250977 57.934570 26.751970 2000.000000 E
S 215 S 43.847660 10.400390 36.401370 43.261720 45.825200 57.983400 5.932617 57.934570 26.751970 2000.000000 E
S 216 S 43.530270 7.397461 38.159180 42.919920 46.386720 57.080080 3.881836 58.862300 30.406440 2000.000000 E
S 217 S 43.334960 6.250000 38.720700 42.456050 46.166990 55.664060 3.222656 57.739260 34.960590 2000.000000 E
S 218 S 42.797850 4.931641 39.111330 41.772460 46.362300 55.126950 2.246094 58.691410 35.349150 2000.000000 E
S 219 S 30.224610 5.590820 21.655270 25.341800 31.372070 48.583980 5.615234 54.663090 25.257160 2000.000000 E
S 220 S 29.321290 6.054688 19.677730 24.145510 29.296880 46.484380 6.298828 51.318360 5.172744 2000.000000 E
S 221 S 27.856450 7.128906 17.187500 22.241210 26.245120 44.042970 7.812500 46.801760 -1.131040 2000.000000 E
S 222 S 13.476560 10.278320 2.685547 8.935547 9.228516 25.561520 10.668950 20.654300 -13.602660 2000.000000 E
S 223 S 5.493164 9.155273 0.952148 3.295898 2.880859 14.916990 8.618164 8.569336 -28.330010 2000.000000 E
S 224 S 4.809570 8.666992 0.854492 2.905273 2.465820 13.525390 8.203125 7.495117 -3.600408 2000.000000 E
S 225 S 4.321289 8.398438 0.781250 2.587891 2.124023 12.646480 7.983398 6.640625 -34.989080 2000.000000 E
S 226 S 3.808594 8.276367 0.878906 2.197266 1.855469 11.840820 7.763672 5.908203 -34.989080 2000.000000 E
S 227 S 3.125000 8.154297 1.025391 1.928711 1.513672 11.010740 7.666016 5.029297 -41.255890 2000.000000 E
S 228 S 2.783203 8.129883 1.220703 1.733398 1.220703 10.180660 7.421875 4.492188 -1.053995 2000.000000 E
S 229 S 2.441406 7.910156 1.220703 1.513672 1.123047 9.570313 7.348633 3.979492 -1.053995 2000.000000 E
S 230 S 2.221680 8.056641 1.416016 1.391602 1.147461 9.448242 7.250977 3.613281 -41.887510 2000.000000 E
S 231 S 1.928711 7.592773 1.318359 1.171875 0.903320 8.569336 6.909180 3.100586 -41.887510 2000.000000 E
S 232 S 1.513672 7.250977 1.416016 0.976563 0.756836 8.032227 6.591797 2.734375 -13.937620 2000.000000 E
S 233 S 1.416016 7.055664 1.464844 0.927734 0.659180 7.714844 6.494141 2.465820 108.423900 2000.000000 E
S 234 S 1.318359 7.006836 1.660156 0.976563 0.732422 7.373047 6.372070 2.319336 -16.342980 2000.000000 E
S 235 S 1.245117 6.787109 1.611328 0.903320 0.708008 6.884766 6.127930 2.124023 -16.342980 2000.000000 E
S 236 S 0.976563 6.689453 1.635742 0.781250 0.512695 6.616211 6.054688 1.953125 24.739870 2000.000000 E
S 237 S 0.903320 6.274414 1.733398 0.659180 0.463867 6.005859 5.688477 1.538086 149.797800 2000.000000 E
S 238 S 0.854492 6.103516 1.684570 0.634766 0.488281 5.688477 5.468750 1.391602 149.797800 2000.000000 E
S 239 S 0.878906 5.981445 1.953125 0.634766 0.585938 5.371094 5.541992 1.367188 131.271200 2000.000000 E
S 240 S 0.781250 5.786133 1.904297 0.610352 0.585938 4.931641 5.273438 1.171875 131.271200 2000.000000 E
S 241 S 0.634766 5.615234 1.904297 0.561523 0.463867 4.589844 5.175781 1.074219 204.191800 2000.000000 E
S 242 S 0.537109 5.346680 2.050781 0.634766 0.463867 3.979492 4.882813 0.952148 -97.760010 2000.000000 E
S 243 S 0.585938 5.249023 2.075195 0.488281 0.463867 3.735352 4.638672 0.830078 191.690100 2000.000000 E
S 244 S 0.585938 5.102539 2.246094 0.561523 0.512695 3.491211 4.516602 0.781250 191.690100 2000.000000 E
S 245 S 0.390625 4.711914 2.075195 0.341797 0.366211 2.929688 4.101563 0.561523 -44.059040 2000.000000 E
S 246 S 0.415039 4.492188 2.148438 0.390625 0.415039 2.685547 3.906250 0.561523 -44.059040 2000.000000 E
S 247 S 0.463867 4.296875 2.294922 0.488281 0.439453 2.270508 3.784180 0.585938 200.308800 2000.000000 E
S 248 S 0.439453 4.125977 2.514648 0.317383 0.390625 2.026367 3.491211 0.537109 129.937800 2000.000000 E
S 249 S 0.512695 3.906250 2.563477 0.390625 0.415039 1.855469 3.369141 0.561523 129.937800 2000.000000 E
S 250 S 0.537109 3.686523 2.563477 0.463867 0.512695 1.586914 3.247070 0.585938 11.311680 2000.000000 E
S 251 S 0.537109 3.491211 2.587891 0.439453 0.415039 1.391602 3.027344 0.561523 244.357500 2000.000000 E
S 252 S 0.561523 3.222656 2.612305 0.512695 0.585938 1.171875 2.709961 0.683594 -18.257920 2000.000000 E
S 253 S 0.634766 3.076172 2.636719 0.488281 0.659180 1.074219 2.734375 0.708008 -18.257920 2000.000000 E
S 254 S 0.659180 2.880859 2.685547 0.439453 0.610352 0.952148 2.563477 0.659180 2.443973 2000.000000 E
S 255 S 0.659180 2.636719 2.612305 0.463867 0.610352 0.952148 2.246094 0.634766 2.443973 2000.000000 E
S 256 S 0.659180 2.490234 2.539063 0.463867 0.561523 0.830078 2.148438 0.610352 -58.471580 2000.000000 E
S 257 S 0.732422 2.099609 2.514648 0.366211 0.512695 0.585938 1.782227 0.683594 49.547770 2000.000000 E
S 258 S 0.903320 2.148438 2.832031 0.537109 0.659180 0.732422 2.050781 0.854492 235.508000 2000.000000 E
S 259 S 1.000977 1.928711 2.587891 0.610352 0.732422 0.634766 1.733398 0.878906 -83.980000 2000.000000 E
S 260 S 1.000977 1.708984 2.514648 0.610352 0.732422 0.537109 1.489258 0.805664 7.378143 2000.000000 E
S 261 S 1.367188 0.805664 1.904297 0.659180 0.830078 0.585938 0.805664 1.123047 25.704680 2000.000000 E
S 262 S 1.635742 0.390625 1.611328 0.659180 0.805664 0.512695 0.561523 1.318359 24.194650 2000.000000 E
S 263 S 1.757813 0.463867 1.879883 0.830078 0.952148 0.634766 0.634766 1.416016 -70.581920 2000.000000 E
S 264 S 1.855469 0.512695 1.782227 0.781250 0.976563 0.732422 0.610352 1.489258 -28.113980 2000.000000 E
S 265 S 1.855469 0.512695 1.782227 0.854492 0.927734 0.781250 0.463867 1.513672 -28.113980 2000.000000 E
S 266 S 1.806641 0.415039 1.489258 0.756836 0.927734 0.805664 0.512695 1.464844 2.473753 2000.000000 E
S 267 S 1.831055 0.488281 1.684570 0.781250 0.903320 0.830078 0.488281 1.538086 -43.178430 2000.000000 E
S 268 S 2.124023 0.463867 2.001953 0.854492 1.025391 0.927734 0.512695 1.611328 -43.178430 2000.000000 E
S 269 S 1.953125 0.415039 1.660156 0.854492 0.903320 0.830078 0.610352 1.513672 -19.774090 2000.000000 E
S 270 S 2.026367 0.317383 1.635742 0.708008 0.952148 0.854492 0.415039 1.489258 -19.774090 2000.000000 E
S 271 S 2.026367 0.341797 1.611328 0.781250 0.927734 0.781250 0.415039 1.513672 -8.084236 2000.000000 E
S 272 S 2.050781 0.317383 1.586914 0.781250 0.976563 0.952148 0.463867 1.562500 -94.581710 2000.000000 E
S 273 S 2.099609 0.488281 1.611328 0.927734 1.074219 1.000977 0.512695 1.708984 19.486990 2000.000000 E
S 274 S 2.148438 0.463867 1.538086 0.927734 1.123047 0.952148 0.561523 1.660156 19.486990 2000.000000 E
S 275 S 2.148438 0.415039 1.440430 1.049805 0.854492 1.098633 0.512695 1.684570 -43.648170 2000.000000 E
S 276 S 2.124023 0.390625 1.416016 0.830078 1.025391 0.976563 0.488281 1.660156 -86.739410 2000.000000 E
S 277 S 2.026367 0.439453 1.416016 0.878906 0.976563 1.049805 0.610352 1.586914 -86.739410 2000.000000 E
S 278 S 2.075195 0.561523 1.391602 1.000977 1.000977 1.025391 0.463867 1.611328 -23.832580 2000.000000 E
S 279 S 1.831055 0.390625 1.245117 0.830078 0.854492 1.025391 0.341797 1.611328 12.533610 2000.000000 E
S 280 S 2.001953 0.439453 1.318359 0.927734 0.903320 1.196289 0.463867 1.708984 12.533610 2000.000000 E
S 281 S 1.904297 0.463867 1.171875 0.878906 0.903320 1.074219 0.683594 1.538086 -9.957540 2000.000000 E
S 282 S 1.684570 0.317383 1.000977 0.708008 0.830078 0.927734 0.415039 1.391602 -24.244730 2000.000000 E
S 283 S 1.635742 0.366211 0.952148 0.756836 0.756836 1.025391 0.366211 1.318359 -24.244730 2000.000000 E
S 284 S 1.660156 0.341797 0.976563 0.732422 0.805664 1.098633 0.488281 1.464844 -142.109200 2000.000000 E
S 285 S 1.684570 0.512695 1.000977 0.854492 0.854492 1.123047 0.488281 1.367188 6.351201 2000.000000 E
S 286 S 1.440430 0.415039 0.976563 0.708008 0.854492 1.000977 0.610352 1.440430 -69.416790 2000.000000 E
S 287 S 1.464844 0.512695 0.927734 0.756836 0.781250 1.196289 0.488281 1.293945 -69.416790 2000.000000 E
S 288 S 1.416016 0.512695 0.854492 0.781250 0.878906 1.049805 0.610352 1.318359 118.258500 2000.000000 E
S 289 S 1.391602 0.488281 0.854492 0.781250 0.805664 1.049805 0.488281 1.245117 118.258500 2000.000000 E
S 290 S 1.318359 0.463867 0.854492 0.732422 0.830078 1.074219 0.561523 1.342773 29.000700 2000.000000 E
S 291 S 1.245117 0.512695 0.756836 0.634766 0.781250 1.000977 0.659180 1.220703 -143.896000 2000.000000 E
S 292 S 1.171875 0.463867 0.756836 0.634766 0.756836 1.000977 0.488281 1.147461 -17.395030 2000.000000 E
S 293 S 1.098633 0.512695 0.708008 0.683594 0.878906 1.025391 0.488281 1.147461 -17.395030 2000.000000 E
S 294 S 0.952148 0.439453 0.634766 0.708008 0.659180 0.854492 0.537109 1.098633 62.793660 2000.000000 E
S 295 S 1.074219 0.659180 0.683594 0.732422 0.756836 0.976563 0.610352 1.220703 -83.693860 2000.000000 E
S 296 S 0.976563 0.634766 0.634766 0.732422 0.756836 0.927734 0.659180 1.074219 183.061700 2000.000000 E
S 297 S 0.927734 0.634766 0.683594 0.708008 0.634766 0.903320 0.708008 1.074219 183.061700 2000.000000 E
S 298 S 0.830078 0.561523 0.610352 0.659180 0.708008 0.878906 0.537109 1.049805 40.269960 2000.000000 E
S 299 S 0.854492 0.439453 0.537109 0.512695 0.561523 0.805664 0.537109 0.976563 -187.148000 2000.000000 E
S 300 S 0.854492 0.634766 0.585938 0.659180 0.708008 0.952148 0.634766 1.000977 7.950711 2000.000000 E
S 301 S 0.634766 0.610352 0.512695 0.585938 0.585938 0.952148 0.683594 0.927734 -15.164360 2000.000000 E
S 302 S 0.512695 0.585938 0.512695 0.561523 0.537109 0.781250 0.537109 0.756836 -195.447200 2000.000000 E
S 303 S 0.610352 0.610352 0.488281 0.610352 0.537109 0.878906 0.683594 0.805664 184.282700 2000.000000 E
S 304 S 0.561523 0.561523 0.610352 0.537109 0.732422 0.805664 0.634766 0.854492 144.450800 2000.000000 E
S 305 S 0.585938 0.585938 0.537109 0.537109 0.585938 0.756836 0.585938 0.781250 -36.180150 2000.000000 E
S 306 S 0.561523 0.610352 0.512695 0.585938 0.561523 0.830078 0.732422 0.854492 -158.660500 2000.000000 E
S 307 S 0.610352 0.537109 0.537109 0.537109 0.634766 0.854492 0.683594 0.805664 -158.660500 2000.000000 E
S 308 S 0.585938 0.537109 0.512695 0.512695 0.585938 0.805664 0.634766 0.781250 147.335800 2000.000000 E
